sim_timestamp,sim_damage_timestamp,sim_name,sim_potency,sim_weight,Auto,Demolish,Dragon Kick,Elixir Burst,Fire's Reply,Leaping Opo,Phantom Rush,Pouncing Coeurl,Rising Phoenix,Rising Raptor,Six-sided Star,The Forbidden Chakra,Twin Snakes,Wind's Reply
500,1790,Dragon Kick,320,1.0,0,0,320,0,0,0,0,0,0,0,0,0,0,0
1790,2322,Auto,90,1.0,90,0,320,0,0,0,0,0,0,0,0,0,0,0
2440,3060,Leaping Opo,460,1.0,90,0,320,0,0,460,0,0,0,0,0,0,0,0
1770,3190,The Forbidden Chakra,400,1.0,90,0,320,0,0,460,0,0,0,0,0,400,0,0
3830,4362,Auto,90,1.0,180,0,320,0,0,460,0,0,0,0,0,400,0,0
4380,5670,Dragon Kick,320,1.0,180,0,640,0,0,460,0,0,0,0,0,400,0,0
5870,6402,Auto,90,1.0,270,0,640,0,0,460,0,0,0,0,0,400,0,0
6320,6940,Leaping Opo,460,1.0,270,0,640,0,0,920,0,0,0,0,0,400,0,0
6940,8360,The Forbidden Chakra,54,0.1356,270,0,640,0,0,920,0,0,0,0,0,454,0,0
7910,8442,Auto,90,1.0,360,0,640,0,0,920,0,0,0,0,0,454,0,0
8930,9462,Auto,90,1.0,450,0,640,0,0,920,0,0,0,0,0,454,0,0
8260,9680,Elixir Burst,900,1.0,450,0,640,900,0,920,0,0,0,0,0,454,0,0
8880,10300,The Forbidden Chakra,211,0.5283,450,0,640,900,0,920,0,0,0,0,0,665,0,0
9950,10482,Auto,90,1.0,540,0,640,900,0,920,0,0,0,0,0,665,0,0
9530,10950,The Forbidden Chakra,37,0.0938,540,0,640,900,0,920,0,0,0,0,0,702,0,0
10200,11490,Dragon Kick,320,1.0,540,0,960,900,0,920,0,0,0,0,0,702,0,0
10970,11502,Auto,90,1.0,630,0,960,900,0,920,0,0,0,0,0,702,0,0
10850,12270,The Forbidden Chakra,134,0.3368,630,0,960,900,0,920,0,0,0,0,0,836,0,0
11990,12522,Auto,90,1.0,720,0,960,900,0,920,0,0,0,0,0,836,0,0
11430,12850,The Forbidden Chakra,42,0.1061,720,0,960,900,0,920,0,0,0,0,0,878,0,0
12141,13341,Wind's Reply,1040,1.0,720,0,960,900,0,920,0,0,0,0,0,878,0,1040
13010,13542,Auto,90,1.0,810,0,960,900,0,920,0,0,0,0,0,878,0,1040
12761,14181,The Forbidden Chakra,133,0.3335,810,0,960,900,0,920,0,0,0,0,0,1011,0,1040
14030,14562,Auto,90,1.0,900,0,960,900,0,920,0,0,0,0,0,1011,0,1040
13411,14831,The Forbidden Chakra,137,0.344,900,0,960,900,0,920,0,0,0,0,0,1148,0,1040
14081,15501,Fire's Reply,1400,1.0,900,0,960,900,1400,920,0,0,0,0,0,1148,0,1040
15050,15582,Auto,90,1.0,990,0,960,900,1400,920,0,0,0,0,0,1148,0,1040
14731,16151,The Forbidden Chakra,74,0.1863,990,0,960,900,1400,920,0,0,0,0,0,1222,0,1040
16070,16602,Auto,90,1.0,1080,0,960,900,1400,920,0,0,0,0,0,1222,0,1040
16021,16641,Leaping Opo,460,1.0,1080,0,960,900,1400,1380,0,0,0,0,0,1222,0,1040
15311,16731,The Forbidden Chakra,15,0.0378,1080,0,960,900,1400,1380,0,0,0,0,0,1237,0,1040
17090,17622,Auto,90,1.0,1170,0,960,900,1400,1380,0,0,0,0,0,1237,0,1040
18110,18642,Auto,90,1.0,1260,0,960,900,1400,1380,0,0,0,0,0,1237,0,1040
17291,18711,The Forbidden Chakra,317,0.7927,1260,0,960,900,1400,1380,0,0,0,0,0,1554,0,1040
17961,19251,Dragon Kick,320,1.0,1260,0,1280,900,1400,1380,0,0,0,0,0,1554,0,1040
19130,19662,Auto,90,1.0,1350,0,1280,900,1400,1380,0,0,0,0,0,1554,0,1040
18581,20001,The Forbidden Chakra,82,0.2071,1350,0,1280,900,1400,1380,0,0,0,0,0,1636,0,1040
19901,20521,Leaping Opo,460,1.0,1350,0,1280,900,1400,1840,0,0,0,0,0,1636,0,1040
19231,20651,The Forbidden Chakra,47,0.1191,1350,0,1280,900,1400,1840,0,0,0,0,0,1683,0,1040
20150,20682,Auto,90,1.0,1440,0,1280,900,1400,1840,0,0,0,0,0,1683,0,1040
21170,21702,Auto,90,1.0,1530,0,1280,900,1400,1840,0,0,0,0,0,1683,0,1040
20551,21971,The Forbidden Chakra,273,0.6834,1530,0,1280,900,1400,1840,0,0,0,0,0,1956,0,1040
21131,22551,The Forbidden Chakra,47,0.1182,1530,0,1280,900,1400,1840,0,0,0,0,0,2003,0,1040
22190,22722,Auto,90,1.0,1620,0,1280,900,1400,1840,0,0,0,0,0,2003,0,1040
21841,23131,Dragon Kick,320,1.0,1620,0,1600,900,1400,1840,0,0,0,0,0,2003,0,1040
23210,23742,Auto,90,1.0,1710,0,1600,900,1400,1840,0,0,0,0,0,2003,0,1040
22461,23881,The Forbidden Chakra,64,0.1602,1710,0,1600,900,1400,1840,0,0,0,0,0,2067,0,1040
23111,24531,The Forbidden Chakra,32,0.0814,1710,0,1600,900,1400,1840,0,0,0,0,0,2099,0,1040
24230,24762,Auto,90,1.0,1800,0,1600,900,1400,1840,0,0,0,0,0,2099,0,1040
23781,25201,Elixir Burst,900,1.0,1800,0,1600,1800,1400,1840,0,0,0,0,0,2099,0,1040
24431,25851,The Forbidden Chakra,171,0.4285,1800,0,1600,1800,1400,1840,0,0,0,0,0,2270,0,1040
25721,26341,Leaping Opo,460,1.0,1800,0,1600,1800,1400,2300,0,0,0,0,0,2270,0,1040
25011,26431,The Forbidden Chakra,32,0.0801,1800,0,1600,1800,1400,2300,0,0,0,0,0,2302,0,1040
26270,26802,Auto,90,1.0,1890,0,1600,1800,1400,2300,0,0,0,0,0,2302,0,1040
26371,27791,The Forbidden Chakra,193,0.4832,1890,0,1600,1800,1400,2300,0,0,0,0,0,2495,0,1040
27661,28501,Twin Snakes,420,1.0,1890,0,1600,1800,1400,2300,0,0,0,0,0,2495,420,1040
28310,28842,Auto,90,1.0,1980,0,1600,1800,1400,2300,0,0,0,0,0,2495,420,1040
28311,29731,The Forbidden Chakra,23,0.0596,1980,0,1600,1800,1400,2300,0,0,0,0,0,2518,420,1040
30350,30882,Auto,90,1.0,2070,0,1600,1800,1400,2300,0,0,0,0,0,2518,420,1040
29601,31201,Demolish,420,1.0,2070,420,1600,1800,1400,2300,0,0,0,0,0,2518,420,1040
30251,31671,The Forbidden Chakra,22,0.0574,2070,420,1600,1800,1400,2300,0,0,0,0,0,2540,420,1040
31542,32832,Dragon Kick,320,1.0,2070,420,1920,1800,1400,2300,0,0,0,0,0,2540,420,1040
32390,32922,Auto,90,1.0,2160,420,1920,1800,1400,2300,0,0,0,0,0,2540,420,1040
32192,33612,The Forbidden Chakra,23,0.0599,2160,420,1920,1800,1400,2300,0,0,0,0,0,2563,420,1040
33482,34372,Rising Raptor,540,1.0,2160,420,1920,1800,1400,2300,0,0,0,540,0,2563,420,1040
34430,34962,Auto,90,1.0,2250,420,1920,1800,1400,2300,0,0,0,540,0,2563,420,1040
34132,35552,The Forbidden Chakra,21,0.0544,2250,420,1920,1800,1400,2300,0,0,0,540,0,2584,420,1040
35422,36442,Pouncing Coeurl,520,1.0,2250,420,1920,1800,1400,2300,0,520,0,540,0,2584,420,1040
36470,37002,Auto,90,1.0,2340,420,1920,1800,1400,2300,0,520,0,540,0,2584,420,1040
36042,37462,The Forbidden Chakra,18,0.0474,2340,420,1920,1800,1400,2300,0,520,0,540,0,2602,420,1040
37362,37982,Leaping Opo,460,1.0,2340,420,1920,1800,1400,2760,0,520,0,540,0,2602,420,1040
38510,39042,Auto,90,1.0,2430,420,1920,1800,1400,2760,0,520,0,540,0,2602,420,1040
38012,39432,The Forbidden Chakra,60,0.1511,2430,420,1920,1800,1400,2760,0,520,0,540,0,2662,420,1040
39302,40142,Twin Snakes,420,1.0,2430,420,1920,1800,1400,2760,0,520,0,540,0,2662,840,1040
40550,41082,Auto,90,1.0,2520,420,1920,1800,1400,2760,0,520,0,540,0,2662,840,1040
39952,41372,The Forbidden Chakra,17,0.0443,2520,420,1920,1800,1400,2760,0,520,0,540,0,2679,840,1040
41242,42262,Pouncing Coeurl,520,1.0,2520,420,1920,1800,1400,2760,0,1040,0,540,0,2679,840,1040
42590,43122,Auto,90,1.0,2610,420,1920,1800,1400,2760,0,1040,0,540,0,2679,840,1040
41892,43312,The Forbidden Chakra,18,0.0455,2610,420,1920,1800,1400,2760,0,1040,0,540,0,2697,840,1040
43182,44472,Dragon Kick,320,1.0,2610,420,2240,1800,1400,2760,0,1040,0,540,0,2697,840,1040
44630,45162,Auto,90,1.0,2700,420,2240,1800,1400,2760,0,1040,0,540,0,2697,840,1040
43832,45252,The Forbidden Chakra,21,0.0543,2700,420,2240,1800,1400,2760,0,1040,0,540,0,2718,840,1040
45122,46012,Rising Raptor,540,1.0,2700,420,2240,1800,1400,2760,0,1040,0,1080,0,2718,840,1040
45772,47192,The Forbidden Chakra,22,0.0572,2700,420,2240,1800,1400,2760,0,1040,0,1080,0,2740,840,1040
46670,47202,Auto,90,1.0,2790,420,2240,1800,1400,2760,0,1040,0,1080,0,2740,840,1040
47062,48662,Demolish,420,1.0,2790,840,2240,1800,1400,2760,0,1040,0,1080,0,2740,840,1040
47712,49132,The Forbidden Chakra,24,0.0603,2790,840,2240,1800,1400,2760,0,1040,0,1080,0,2764,840,1040
48710,49242,Auto,90,1.0,2880,840,2240,1800,1400,2760,0,1040,0,1080,0,2764,840,1040
49002,49622,Leaping Opo,460,1.0,2880,840,2240,1800,1400,3220,0,1040,0,1080,0,2764,840,1040
49652,51072,The Forbidden Chakra,82,0.2052,2880,840,2240,1800,1400,3220,0,1040,0,1080,0,2846,840,1040
50750,51282,Auto,90,1.0,2970,840,2240,1800,1400,3220,0,1040,0,1080,0,2846,840,1040
50942,51782,Twin Snakes,420,1.0,2970,840,2240,1800,1400,3220,0,1040,0,1080,0,2846,1260,1040
51592,53012,The Forbidden Chakra,24,0.0609,2970,840,2240,1800,1400,3220,0,1040,0,1080,0,2870,1260,1040
52790,53322,Auto,90,1.0,3060,840,2240,1800,1400,3220,0,1040,0,1080,0,2870,1260,1040
52883,53903,Pouncing Coeurl,520,1.0,3060,840,2240,1800,1400,3220,0,1560,0,1080,0,2870,1260,1040
53533,54953,The Forbidden Chakra,23,0.0585,3060,840,2240,1800,1400,3220,0,1560,0,1080,0,2893,1260,1040
54830,55362,Auto,90,1.0,3150,840,2240,1800,1400,3220,0,1560,0,1080,0,2893,1260,1040
54823,56113,Dragon Kick,320,1.0,3150,840,2560,1800,1400,3220,0,1560,0,1080,0,2893,1260,1040
55473,56893,The Forbidden Chakra,24,0.0611,3150,840,2560,1800,1400,3220,0,1560,0,1080,0,2917,1260,1040
56870,57402,Auto,90,1.0,3240,840,2560,1800,1400,3220,0,1560,0,1080,0,2917,1260,1040
56763,57653,Rising Raptor,540,1.0,3240,840,2560,1800,1400,3220,0,1560,0,1620,0,2917,1260,1040
57413,58833,The Forbidden Chakra,23,0.0584,3240,840,2560,1800,1400,3220,0,1560,0,1620,0,2940,1260,1040
58910,59442,Auto,90,1.0,3330,840,2560,1800,1400,3220,0,1560,0,1620,0,2940,1260,1040
58703,59723,Pouncing Coeurl,520,1.0,3330,840,2560,1800,1400,3220,0,2080,0,1620,0,2940,1260,1040
59323,60743,The Forbidden Chakra,23,0.059,3330,840,2560,1800,1400,3220,0,2080,0,1620,0,2963,1260,1040
60643,61263,Leaping Opo,460,1.0,3330,840,2560,1800,1400,3680,0,2080,0,1620,0,2963,1260,1040
60950,61482,Auto,90,1.0,3420,840,2560,1800,1400,3680,0,2080,0,1620,0,2963,1260,1040
61293,62713,The Forbidden Chakra,79,0.1982,3420,840,2560,1800,1400,3680,0,2080,0,1620,0,3042,1260,1040
62583,63423,Twin Snakes,420,1.0,3420,840,2560,1800,1400,3680,0,2080,0,1620,0,3042,1680,1040
62990,63522,Auto,90,1.0,3510,840,2560,1800,1400,3680,0,2080,0,1620,0,3042,1680,1040
63233,64653,The Forbidden Chakra,21,0.0526,3510,840,2560,1800,1400,3680,0,2080,0,1620,0,3063,1680,1040
65030,65562,Auto,90,1.0,3600,840,2560,1800,1400,3680,0,2080,0,1620,0,3063,1680,1040
64522,66122,Demolish,420,1.0,3600,1260,2560,1800,1400,3680,0,2080,0,1620,0,3063,1680,1040
67070,67602,Auto,90,1.0,3690,1260,2560,1800,1400,3680,0,2080,0,1620,0,3063,1680,1040
66463,67753,Dragon Kick,320,1.0,3690,1260,2880,1800,1400,3680,0,2080,0,1620,0,3063,1680,1040
68403,69023,Leaping Opo,460,1.0,3690,1260,2880,1800,1400,4140,0,2080,0,1620,0,3063,1680,1040
67733,69153,The Forbidden Chakra,40,0.1008,3690,1260,2880,1800,1400,4140,0,2080,0,1620,0,3103,1680,1040
69110,69642,Auto,90,1.0,3780,1260,2880,1800,1400,4140,0,2080,0,1620,0,3103,1680,1040
69053,70473,The Forbidden Chakra,78,0.1951,3780,1260,2880,1800,1400,4140,0,2080,0,1620,0,3181,1680,1040
70343,71233,Rising Raptor,540,1.0,3780,1260,2880,1800,1400,4140,0,2080,0,2160,0,3181,1680,1040
71150,71682,Auto,90,1.0,3870,1260,2880,1800,1400,4140,0,2080,0,2160,0,3181,1680,1040
70993,72413,The Forbidden Chakra,22,0.0574,3870,1260,2880,1800,1400,4140,0,2080,0,2160,0,3203,1680,1040
72283,73303,Pouncing Coeurl,520,1.0,3870,1260,2880,1800,1400,4140,0,2600,0,2160,0,3203,1680,1040
73190,73722,Auto,90,1.0,3960,1260,2880,1800,1400,4140,0,2600,0,2160,0,3203,1680,1040
72933,74353,The Forbidden Chakra,23,0.0591,3960,1260,2880,1800,1400,4140,0,2600,0,2160,0,3226,1680,1040
74224,74984,Rising Phoenix,900,1.0,3960,1260,2880,1800,1400,4140,0,2600,900,2160,0,3226,1680,1040
75230,75762,Auto,90,1.0,4050,1260,2880,1800,1400,4140,0,2600,900,2160,0,3226,1680,1040
74874,76294,The Forbidden Chakra,22,0.0556,4050,1260,2880,1800,1400,4140,0,2600,900,2160,0,3248,1680,1040
76164,77454,Dragon Kick,320,1.0,4050,1260,3200,1800,1400,4140,0,2600,900,2160,0,3248,1680,1040
77270,77802,Auto,90,1.0,4140,1260,3200,1800,1400,4140,0,2600,900,2160,0,3248,1680,1040
76814,78234,The Forbidden Chakra,21,0.0533,4140,1260,3200,1800,1400,4140,0,2600,900,2160,0,3269,1680,1040
78104,79524,Fire's Reply,1400,1.0,4140,1260,3200,1800,2800,4140,0,2600,900,2160,0,3269,1680,1040
79310,79842,Auto,90,1.0,4230,1260,3200,1800,2800,4140,0,2600,900,2160,0,3269,1680,1040
78754,80174,The Forbidden Chakra,23,0.0582,4230,1260,3200,1800,2800,4140,0,2600,900,2160,0,3292,1680,1040
80044,80664,Leaping Opo,460,1.0,4230,1260,3200,1800,2800,4600,0,2600,900,2160,0,3292,1680,1040
81350,81882,Auto,90,1.0,4320,1260,3200,1800,2800,4600,0,2600,900,2160,0,3292,1680,1040
80694,82114,The Forbidden Chakra,82,0.2061,4320,1260,3200,1800,2800,4600,0,2600,900,2160,0,3374,1680,1040
81984,82824,Twin Snakes,420,1.0,4320,1260,3200,1800,2800,4600,0,2600,900,2160,0,3374,2100,1040
83390,83922,Auto,90,1.0,4410,1260,3200,1800,2800,4600,0,2600,900,2160,0,3374,2100,1040
82634,84054,The Forbidden Chakra,22,0.0553,4410,1260,3200,1800,2800,4600,0,2600,900,2160,0,3396,2100,1040
83924,84944,Pouncing Coeurl,520,1.0,4410,1260,3200,1800,2800,4600,0,3120,900,2160,0,3396,2100,1040
85430,85962,Auto,90,1.0,4500,1260,3200,1800,2800,4600,0,3120,900,2160,0,3396,2100,1040
84544,85964,The Forbidden Chakra,20,0.0503,4500,1260,3200,1800,2800,4600,0,3120,900,2160,0,3416,2100,1040
85864,87154,Dragon Kick,320,1.0,4500,1260,3520,1800,2800,4600,0,3120,900,2160,0,3416,2100,1040
86514,87934,The Forbidden Chakra,21,0.0542,4500,1260,3520,1800,2800,4600,0,3120,900,2160,0,3437,2100,1040
87470,88002,Auto,90,1.0,4590,1260,3520,1800,2800,4600,0,3120,900,2160,0,3437,2100,1040
87804,88694,Rising Raptor,540,1.0,4590,1260,3520,1800,2800,4600,0,3120,900,2700,0,3437,2100,1040
88454,89874,The Forbidden Chakra,23,0.0579,4590,1260,3520,1800,2800,4600,0,3120,900,2700,0,3460,2100,1040
89510,90042,Auto,90,1.0,4680,1260,3520,1800,2800,4600,0,3120,900,2700,0,3460,2100,1040
89744,91344,Demolish,420,1.0,4680,1680,3520,1800,2800,4600,0,3120,900,2700,0,3460,2100,1040
90394,91814,The Forbidden Chakra,22,0.0562,4680,1680,3520,1800,2800,4600,0,3120,900,2700,0,3482,2100,1040
91550,92082,Auto,90,1.0,4770,1680,3520,1800,2800,4600,0,3120,900,2700,0,3482,2100,1040
91684,92304,Leaping Opo,460,1.0,4770,1680,3520,1800,2800,5060,0,3120,900,2700,0,3482,2100,1040
92334,93754,The Forbidden Chakra,78,0.1955,4770,1680,3520,1800,2800,5060,0,3120,900,2700,0,3560,2100,1040
93590,94122,Auto,90,1.0,4860,1680,3520,1800,2800,5060,0,3120,900,2700,0,3560,2100,1040
93625,94465,Twin Snakes,420,1.0,4860,1680,3520,1800,2800,5060,0,3120,900,2700,0,3560,2520,1040
94275,95695,The Forbidden Chakra,22,0.0567,4860,1680,3520,1800,2800,5060,0,3120,900,2700,0,3582,2520,1040
95630,96162,Auto,90,1.0,4950,1680,3520,1800,2800,5060,0,3120,900,2700,0,3582,2520,1040
95565,96585,Pouncing Coeurl,520,1.0,4950,1680,3520,1800,2800,5060,0,3640,900,2700,0,3582,2520,1040
96215,97635,The Forbidden Chakra,22,0.0555,4950,1680,3520,1800,2800,5060,0,3640,900,2700,0,3604,2520,1040
97670,98202,Auto,90,1.0,5040,1680,3520,1800,2800,5060,0,3640,900,2700,0,3604,2520,1040
97505,98795,Dragon Kick,320,1.0,5040,1680,3840,1800,2800,5060,0,3640,900,2700,0,3604,2520,1040
98775,100195,The Forbidden Chakra,22,0.0563,5040,1680,3840,1800,2800,5060,0,3640,900,2700,0,3626,2520,1040
99710,100242,Auto,90,1.0,5130,1680,3840,1800,2800,5060,0,3640,900,2700,0,3626,2520,1040
99445,100335,Rising Raptor,540,1.0,5130,1680,3840,1800,2800,5060,0,3640,900,3240,0,3626,2520,1040
100730,101262,Auto,90,1.0,5220,1680,3840,1800,2800,5060,0,3640,900,3240,0,3626,2520,1040
100095,101515,The Forbidden Chakra,23,0.0575,5220,1680,3840,1800,2800,5060,0,3640,900,3240,0,3649,2520,1040
101750,102282,Auto,90,1.0,5310,1680,3840,1800,2800,5060,0,3640,900,3240,0,3649,2520,1040
101385,102405,Pouncing Coeurl,520,1.0,5310,1680,3840,1800,2800,5060,0,4160,900,3240,0,3649,2520,1040
102770,103302,Auto,90,1.0,5400,1680,3840,1800,2800,5060,0,4160,900,3240,0,3649,2520,1040
102035,103455,The Forbidden Chakra,21,0.0526,5400,1680,3840,1800,2800,5060,0,4160,900,3240,0,3670,2520,1040
103790,104322,Auto,90,1.0,5490,1680,3840,1800,2800,5060,0,4160,900,3240,0,3670,2520,1040
103325,104525,Wind's Reply,1040,1.0,5490,1680,3840,1800,2800,5060,0,4160,900,3240,0,3670,2520,2080
104810,105342,Auto,90,1.0,5580,1680,3840,1800,2800,5060,0,4160,900,3240,0,3670,2520,2080
103975,105395,The Forbidden Chakra,21,0.0545,5580,1680,3840,1800,2800,5060,0,4160,900,3240,0,3691,2520,2080
105265,105885,Leaping Opo,460,1.0,5580,1680,3840,1800,2800,5520,0,4160,900,3240,0,3691,2520,2080
105830,106362,Auto,90,1.0,5670,1680,3840,1800,2800,5520,0,4160,900,3240,0,3691,2520,2080
105915,107335,The Forbidden Chakra,81,0.2045,5670,1680,3840,1800,2800,5520,0,4160,900,3240,0,3772,2520,2080
106850,107382,Auto,90,1.0,5760,1680,3840,1800,2800,5520,0,4160,900,3240,0,3772,2520,2080
107205,108045,Twin Snakes,420,1.0,5760,1680,3840,1800,2800,5520,0,4160,900,3240,0,3772,2940,2080
107870,108402,Auto,90,1.0,5850,1680,3840,1800,2800,5520,0,4160,900,3240,0,3772,2940,2080
107855,109275,The Forbidden Chakra,21,0.0549,5850,1680,3840,1800,2800,5520,0,4160,900,3240,0,3793,2940,2080
108890,109422,Auto,90,1.0,5940,1680,3840,1800,2800,5520,0,4160,900,3240,0,3793,2940,2080
109910,110442,Auto,90,1.0,6030,1680,3840,1800,2800,5520,0,4160,900,3240,0,3793,2940,2080
109145,110745,Demolish,420,1.0,6030,2100,3840,1800,2800,5520,0,4160,900,3240,0,3793,2940,2080
109765,111185,The Forbidden Chakra,20,0.0521,6030,2100,3840,1800,2800,5520,0,4160,900,3240,0,3813,2940,2080
110930,111462,Auto,90,1.0,6120,2100,3840,1800,2800,5520,0,4160,900,3240,0,3813,2940,2080
111085,112375,Dragon Kick,320,1.0,6120,2100,4160,1800,2800,5520,0,4160,900,3240,0,3813,2940,2080
111950,112482,Auto,90,1.0,6210,2100,4160,1800,2800,5520,0,4160,900,3240,0,3813,2940,2080
111735,113155,The Forbidden Chakra,19,0.0493,6210,2100,4160,1800,2800,5520,0,4160,900,3240,0,3832,2940,2080
112970,113502,Auto,90,1.0,6300,2100,4160,1800,2800,5520,0,4160,900,3240,0,3832,2940,2080
113025,113915,Rising Raptor,540,1.0,6300,2100,4160,1800,2800,5520,0,4160,900,3780,0,3832,2940,2080
113990,114522,Auto,90,1.0,6390,2100,4160,1800,2800,5520,0,4160,900,3780,0,3832,2940,2080
113675,115095,The Forbidden Chakra,24,0.06,6390,2100,4160,1800,2800,5520,0,4160,900,3780,0,3856,2940,2080
114966,115986,Pouncing Coeurl,520,1.0,6390,2100,4160,1800,2800,5520,0,4680,900,3780,0,3856,2940,2080
116030,116562,Auto,90,1.0,6480,2100,4160,1800,2800,5520,0,4680,900,3780,0,3856,2940,2080
115616,117036,The Forbidden Chakra,22,0.0568,6480,2100,4160,1800,2800,5520,0,4680,900,3780,0,3878,2940,2080
116906,117526,Leaping Opo,460,1.0,6480,2100,4160,1800,2800,5980,0,4680,900,3780,0,3878,2940,2080
118070,118602,Auto,90,1.0,6570,2100,4160,1800,2800,5980,0,4680,900,3780,0,3878,2940,2080
117556,118976,The Forbidden Chakra,83,0.2089,6570,2100,4160,1800,2800,5980,0,4680,900,3780,0,3961,2940,2080
118846,119686,Twin Snakes,420,1.0,6570,2100,4160,1800,2800,5980,0,4680,900,3780,0,3961,3360,2080
120110,120642,Auto,90,1.0,6660,2100,4160,1800,2800,5980,0,4680,900,3780,0,3961,3360,2080
119496,120916,The Forbidden Chakra,23,0.0595,6660,2100,4160,1800,2800,5980,0,4680,900,3780,0,3984,3360,2080
120786,121806,Pouncing Coeurl,520,1.0,6660,2100,4160,1800,2800,5980,0,5200,900,3780,0,3984,3360,2080
122150,122682,Auto,90,1.0,6750,2100,4160,1800,2800,5980,0,5200,900,3780,0,3984,3360,2080
121436,122856,The Forbidden Chakra,23,0.0589,6750,2100,4160,1800,2800,5980,0,5200,900,3780,0,4007,3360,2080
122726,124016,Dragon Kick,320,1.0,6750,2100,4480,1800,2800,5980,0,5200,900,3780,0,4007,3360,2080
124190,124722,Auto,90,1.0,6840,2100,4480,1800,2800,5980,0,5200,900,3780,0,4007,3360,2080
124666,125286,Leaping Opo,460,1.0,6840,2100,4480,1800,2800,6440,0,5200,900,3780,0,4007,3360,2080
123996,125416,The Forbidden Chakra,21,0.0525,6840,2100,4480,1800,2800,6440,0,5200,900,3780,0,4028,3360,2080
126230,126762,Auto,90,1.0,6930,2100,4480,1800,2800,6440,0,5200,900,3780,0,4028,3360,2080
126606,127896,Dragon Kick,320,1.0,6930,2100,4800,1800,2800,6440,0,5200,900,3780,0,4028,3360,2080
127226,128646,The Forbidden Chakra,139,0.3489,6930,2100,4800,1800,2800,6440,0,5200,900,3780,0,4167,3360,2080
128270,128802,Auto,90,1.0,7020,2100,4800,1800,2800,6440,0,5200,900,3780,0,4167,3360,2080
128545,129165,Leaping Opo,460,1.0,7020,2100,4800,1800,2800,6900,0,5200,900,3780,0,4167,3360,2080
129195,130615,The Forbidden Chakra,330,0.8258,7020,2100,4800,1800,2800,6900,0,5200,900,3780,0,4497,3360,2080
130310,130842,Auto,90,1.0,7110,2100,4800,1800,2800,6900,0,5200,900,3780,0,4497,3360,2080
130485,130885,Phantom Rush,1500,1.0,7110,2100,4800,1800,2800,6900,1500,5200,900,3780,0,4497,3360,2080
129775,131195,The Forbidden Chakra,24,0.0618,7110,2100,4800,1800,2800,6900,1500,5200,900,3780,0,4521,3360,2080
131106,132526,The Forbidden Chakra,157,0.3944,7110,2100,4800,1800,2800,6900,1500,5200,900,3780,0,4678,3360,2080
132350,132882,Auto,90,1.0,7200,2100,4800,1800,2800,6900,1500,5200,900,3780,0,4678,3360,2080
131756,133176,The Forbidden Chakra,31,0.0787,7200,2100,4800,1800,2800,6900,1500,5200,900,3780,0,4709,3360,2080
132426,133716,Dragon Kick,320,1.0,7200,2100,5120,1800,2800,6900,1500,5200,900,3780,0,4709,3360,2080
133076,134496,The Forbidden Chakra,63,0.1588,7200,2100,5120,1800,2800,6900,1500,5200,900,3780,0,4772,3360,2080
134390,134922,Auto,90,1.0,7290,2100,5120,1800,2800,6900,1500,5200,900,3780,0,4772,3360,2080
133656,135076,The Forbidden Chakra,31,0.0782,7290,2100,5120,1800,2800,6900,1500,5200,900,3780,0,4803,3360,2080
134366,135786,Fire's Reply,1400,1.0,7290,2100,5120,1800,4200,6900,1500,5200,900,3780,0,4803,3360,2080
135016,136436,The Forbidden Chakra,160,0.4009,7290,2100,5120,1800,4200,6900,1500,5200,900,3780,0,4963,3360,2080
136307,136927,Leaping Opo,460,1.0,7290,2100,5120,1800,4200,7360,1500,5200,900,3780,0,4963,3360,2080
136430,136962,Auto,90,1.0,7380,2100,5120,1800,4200,7360,1500,5200,900,3780,0,4963,3360,2080
135596,137016,The Forbidden Chakra,15,0.0389,7380,2100,5120,1800,4200,7360,1500,5200,900,3780,0,4978,3360,2080
136927,138347,The Forbidden Chakra,313,0.7834,7380,2100,5120,1800,4200,7360,1500,5200,900,3780,0,5291,3360,2080
138470,139002,Auto,90,1.0,7470,2100,5120,1800,4200,7360,1500,5200,900,3780,0,5291,3360,2080
138247,139537,Dragon Kick,320,1.0,7470,2100,5440,1800,4200,7360,1500,5200,900,3780,0,5291,3360,2080
138867,140287,The Forbidden Chakra,102,0.255,7470,2100,5440,1800,4200,7360,1500,5200,900,3780,0,5393,3360,2080
140187,140807,Leaping Opo,460,1.0,7470,2100,5440,1800,4200,7820,1500,5200,900,3780,0,5393,3360,2080
139517,140937,The Forbidden Chakra,32,0.0818,7470,2100,5440,1800,4200,7820,1500,5200,900,3780,0,5425,3360,2080
140510,141042,Auto,90,1.0,7560,2100,5440,1800,4200,7820,1500,5200,900,3780,0,5425,3360,2080
140837,142257,The Forbidden Chakra,325,0.8145,7560,2100,5440,1800,4200,7820,1500,5200,900,3780,0,5750,3360,2080
141417,142837,The Forbidden Chakra,24,0.0618,7560,2100,5440,1800,4200,7820,1500,5200,900,3780,0,5774,3360,2080
142550,143082,Auto,90,1.0,7650,2100,5440,1800,4200,7820,1500,5200,900,3780,0,5774,3360,2080
142127,143417,Dragon Kick,320,1.0,7650,2100,5760,1800,4200,7820,1500,5200,900,3780,0,5774,3360,2080
142747,144167,The Forbidden Chakra,49,0.1238,7650,2100,5760,1800,4200,7820,1500,5200,900,3780,0,5823,3360,2080
143397,144817,The Forbidden Chakra,62,0.1572,7650,2100,5760,1800,4200,7820,1500,5200,900,3780,0,5885,3360,2080
144590,145122,Auto,90,1.0,7740,2100,5760,1800,4200,7820,1500,5200,900,3780,0,5885,3360,2080
144067,145487,Elixir Burst,900,1.0,7740,2100,5760,2700,4200,7820,1500,5200,900,3780,0,5885,3360,2080
144717,146137,The Forbidden Chakra,143,0.3577,7740,2100,5760,2700,4200,7820,1500,5200,900,3780,0,6028,3360,2080
146007,146627,Leaping Opo,460,1.0,7740,2100,5760,2700,4200,8280,1500,5200,900,3780,0,6028,3360,2080
145297,146717,The Forbidden Chakra,29,0.0747,7740,2100,5760,2700,4200,8280,1500,5200,900,3780,0,6057,3360,2080
146630,147162,Auto,90,1.0,7830,2100,5760,2700,4200,8280,1500,5200,900,3780,0,6057,3360,2080
146657,148077,The Forbidden Chakra,193,0.4831,7830,2100,5760,2700,4200,8280,1500,5200,900,3780,0,6250,3360,2080
147947,148837,Rising Raptor,540,1.0,7830,2100,5760,2700,4200,8280,1500,5200,900,4320,0,6250,3360,2080
148670,149202,Auto,90,1.0,7920,2100,5760,2700,4200,8280,1500,5200,900,4320,0,6250,3360,2080
148567,149987,The Forbidden Chakra,23,0.0597,7920,2100,5760,2700,4200,8280,1500,5200,900,4320,0,6273,3360,2080
150710,151242,Auto,90,1.0,8010,2100,5760,2700,4200,8280,1500,5200,900,4320,0,6273,3360,2080
149887,151487,Demolish,420,1.0,8010,2520,5760,2700,4200,8280,1500,5200,900,4320,0,6273,3360,2080
150537,151957,The Forbidden Chakra,22,0.0572,8010,2520,5760,2700,4200,8280,1500,5200,900,4320,0,6295,3360,2080
151827,153117,Dragon Kick,320,1.0,8010,2520,6080,2700,4200,8280,1500,5200,900,4320,0,6295,3360,2080
152750,153282,Auto,90,1.0,8100,2520,6080,2700,4200,8280,1500,5200,900,4320,0,6295,3360,2080
152477,153897,The Forbidden Chakra,23,0.0589,8100,2520,6080,2700,4200,8280,1500,5200,900,4320,0,6318,3360,2080
153767,154607,Twin Snakes,420,1.0,8100,2520,6080,2700,4200,8280,1500,5200,900,4320,0,6318,3780,2080
154790,155322,Auto,90,1.0,8190,2520,6080,2700,4200,8280,1500,5200,900,4320,0,6318,3780,2080
154417,155837,The Forbidden Chakra,19,0.0494,8190,2520,6080,2700,4200,8280,1500,5200,900,4320,0,6337,3780,2080
155708,156728,Pouncing Coeurl,520,1.0,8190,2520,6080,2700,4200,8280,1500,5720,900,4320,0,6337,3780,2080
156830,157362,Auto,90,1.0,8280,2520,6080,2700,4200,8280,1500,5720,900,4320,0,6337,3780,2080
156358,157778,The Forbidden Chakra,19,0.0483,8280,2520,6080,2700,4200,8280,1500,5720,900,4320,0,6356,3780,2080
157648,158268,Leaping Opo,460,1.0,8280,2520,6080,2700,4200,8740,1500,5720,900,4320,0,6356,3780,2080
158870,159402,Auto,90,1.0,8370,2520,6080,2700,4200,8740,1500,5720,900,4320,0,6356,3780,2080
158298,159718,The Forbidden Chakra,61,0.1532,8370,2520,6080,2700,4200,8740,1500,5720,900,4320,0,6417,3780,2080
159588,160478,Rising Raptor,540,1.0,8370,2520,6080,2700,4200,8740,1500,5720,900,4860,0,6417,3780,2080
160910,161442,Auto,90,1.0,8460,2520,6080,2700,4200,8740,1500,5720,900,4860,0,6417,3780,2080
160238,161658,The Forbidden Chakra,16,0.0422,8460,2520,6080,2700,4200,8740,1500,5720,900,4860,0,6433,3780,2080
161528,162548,Pouncing Coeurl,520,1.0,8460,2520,6080,2700,4200,8740,1500,6240,900,4860,0,6433,3780,2080
162950,163482,Auto,90,1.0,8550,2520,6080,2700,4200,8740,1500,6240,900,4860,0,6433,3780,2080
162178,163598,The Forbidden Chakra,21,0.0549,8550,2520,6080,2700,4200,8740,1500,6240,900,4860,0,6454,3780,2080
163468,164758,Dragon Kick,320,1.0,8550,2520,6400,2700,4200,8740,1500,6240,900,4860,0,6454,3780,2080
164990,165522,Auto,90,1.0,8640,2520,6400,2700,4200,8740,1500,6240,900,4860,0,6454,3780,2080
164118,165538,The Forbidden Chakra,20,0.0514,8640,2520,6400,2700,4200,8740,1500,6240,900,4860,0,6474,3780,2080
165408,166248,Twin Snakes,420,1.0,8640,2520,6400,2700,4200,8740,1500,6240,900,4860,0,6474,4200,2080
166058,167478,The Forbidden Chakra,21,0.054,8640,2520,6400,2700,4200,8740,1500,6240,900,4860,0,6495,4200,2080
167030,167562,Auto,90,1.0,8730,2520,6400,2700,4200,8740,1500,6240,900,4860,0,6495,4200,2080
167348,168948,Demolish,420,1.0,8730,2940,6400,2700,4200,8740,1500,6240,900,4860,0,6495,4200,2080
167998,169418,The Forbidden Chakra,20,0.0524,8730,2940,6400,2700,4200,8740,1500,6240,900,4860,0,6515,4200,2080
169070,169602,Auto,90,1.0,8820,2940,6400,2700,4200,8740,1500,6240,900,4860,0,6515,4200,2080
169288,169908,Leaping Opo,460,1.0,8820,2940,6400,2700,4200,9200,1500,6240,900,4860,0,6515,4200,2080
169938,171358,The Forbidden Chakra,88,0.2208,8820,2940,6400,2700,4200,9200,1500,6240,900,4860,0,6603,4200,2080
171110,171642,Auto,90,1.0,8910,2940,6400,2700,4200,9200,1500,6240,900,4860,0,6603,4200,2080
171228,172118,Rising Raptor,540,1.0,8910,2940,6400,2700,4200,9200,1500,6240,900,5400,0,6603,4200,2080
171878,173298,The Forbidden Chakra,24,0.0604,8910,2940,6400,2700,4200,9200,1500,6240,900,5400,0,6627,4200,2080
173150,173682,Auto,90,1.0,9000,2940,6400,2700,4200,9200,1500,6240,900,5400,0,6627,4200,2080
173168,174188,Pouncing Coeurl,520,1.0,9000,2940,6400,2700,4200,9200,1500,6760,900,5400,0,6627,4200,2080
173818,175238,The Forbidden Chakra,24,0.0603,9000,2940,6400,2700,4200,9200,1500,6760,900,5400,0,6651,4200,2080
175190,175722,Auto,90,1.0,9090,2940,6400,2700,4200,9200,1500,6760,900,5400,0,6651,4200,2080
175108,176398,Dragon Kick,320,1.0,9090,2940,6720,2700,4200,9200,1500,6760,900,5400,0,6651,4200,2080
175758,177178,The Forbidden Chakra,24,0.0607,9090,2940,6720,2700,4200,9200,1500,6760,900,5400,0,6675,4200,2080
177230,177762,Auto,90,1.0,9180,2940,6720,2700,4200,9200,1500,6760,900,5400,0,6675,4200,2080
177049,177889,Twin Snakes,420,1.0,9180,2940,6720,2700,4200,9200,1500,6760,900,5400,0,6675,4620,2080
177699,179119,The Forbidden Chakra,23,0.0578,9180,2940,6720,2700,4200,9200,1500,6760,900,5400,0,6698,4620,2080
179270,179802,Auto,90,1.0,9270,2940,6720,2700,4200,9200,1500,6760,900,5400,0,6698,4620,2080
178989,180009,Pouncing Coeurl,520,1.0,9270,2940,6720,2700,4200,9200,1500,7280,900,5400,0,6698,4620,2080
179639,181059,The Forbidden Chakra,21,0.0545,9270,2940,6720,2700,4200,9200,1500,7280,900,5400,0,6719,4620,2080
180929,181549,Leaping Opo,460,1.0,9270,2940,6720,2700,4200,9660,1500,7280,900,5400,0,6719,4620,2080
181310,181842,Auto,90,1.0,9360,2940,6720,2700,4200,9660,1500,7280,900,5400,0,6719,4620,2080
181579,182999,The Forbidden Chakra,79,0.1996,9360,2940,6720,2700,4200,9660,1500,7280,900,5400,0,6798,4620,2080
182869,183759,Rising Raptor,540,1.0,9360,2940,6720,2700,4200,9660,1500,7280,900,5940,0,6798,4620,2080
183350,183882,Auto,90,1.0,9450,2940,6720,2700,4200,9660,1500,7280,900,5940,0,6798,4620,2080
183519,184939,The Forbidden Chakra,22,0.0561,9450,2940,6720,2700,4200,9660,1500,7280,900,5940,0,6820,4620,2080
185390,185922,Auto,90,1.0,9540,2940,6720,2700,4200,9660,1500,7280,900,5940,0,6820,4620,2080
184809,186409,Demolish,420,1.0,9540,3360,6720,2700,4200,9660,1500,7280,900,5940,0,6820,4620,2080
187430,187962,Auto,90,1.0,9630,3360,6720,2700,4200,9660,1500,7280,900,5940,0,6820,4620,2080
186749,188039,Dragon Kick,320,1.0,9630,3360,7040,2700,4200,9660,1500,7280,900,5940,0,6820,4620,2080
187369,188789,The Forbidden Chakra,42,0.1074,9630,3360,7040,2700,4200,9660,1500,7280,900,5940,0,6862,4620,2080
189470,190002,Auto,90,1.0,9720,3360,7040,2700,4200,9660,1500,7280,900,5940,0,6862,4620,2080
188689,190109,Fire's Reply,1400,1.0,9720,3360,7040,2700,5600,9660,1500,7280,900,5940,0,6862,4620,2080
190490,191022,Auto,90,1.0,9810,3360,7040,2700,5600,9660,1500,7280,900,5940,0,6862,4620,2080
189959,191379,The Forbidden Chakra,21,0.0532,9810,3360,7040,2700,5600,9660,1500,7280,900,5940,0,6883,4620,2080
190629,191829,Wind's Reply,1040,1.0,9810,3360,7040,2700,5600,9660,1500,7280,900,5940,0,6883,4620,3120
191510,192042,Auto,90,1.0,9900,3360,7040,2700,5600,9660,1500,7280,900,5940,0,6883,4620,3120
191279,192699,The Forbidden Chakra,22,0.055,9900,3360,7040,2700,5600,9660,1500,7280,900,5940,0,6905,4620,3120
192530,193062,Auto,90,1.0,9990,3360,7040,2700,5600,9660,1500,7280,900,5940,0,6905,4620,3120
192569,193189,Leaping Opo,460,1.0,9990,3360,7040,2700,5600,10120,1500,7280,900,5940,0,6905,4620,3120
193550,194082,Auto,90,1.0,10080,3360,7040,2700,5600,10120,1500,7280,900,5940,0,6905,4620,3120
194570,195102,Auto,90,1.0,10170,3360,7040,2700,5600,10120,1500,7280,900,5940,0,6905,4620,3120
193839,195259,The Forbidden Chakra,77,0.1937,10170,3360,7040,2700,5600,10120,1500,7280,900,5940,0,6982,4620,3120
194509,195799,Dragon Kick,320,1.0,10170,3360,7360,2700,5600,10120,1500,7280,900,5940,0,6982,4620,3120
195590,196122,Auto,90,1.0,10260,3360,7360,2700,5600,10120,1500,7280,900,5940,0,6982,4620,3120
195159,196579,The Forbidden Chakra,21,0.054,10260,3360,7360,2700,5600,10120,1500,7280,900,5940,0,7003,4620,3120
196610,197142,Auto,90,1.0,10350,3360,7360,2700,5600,10120,1500,7280,900,5940,0,7003,4620,3120
196449,197289,Twin Snakes,420,1.0,10350,3360,7360,2700,5600,10120,1500,7280,900,5940,0,7003,5040,3120
197630,198162,Auto,90,1.0,10440,3360,7360,2700,5600,10120,1500,7280,900,5940,0,7003,5040,3120
197099,198519,The Forbidden Chakra,24,0.0622,10440,3360,7360,2700,5600,10120,1500,7280,900,5940,0,7027,5040,3120
198650,199182,Auto,90,1.0,10530,3360,7360,2700,5600,10120,1500,7280,900,5940,0,7027,5040,3120
198390,199410,Pouncing Coeurl,520,1.0,10530,3360,7360,2700,5600,10120,1500,7800,900,5940,0,7027,5040,3120
199670,200202,Auto,90,1.0,10620,3360,7360,2700,5600,10120,1500,7800,900,5940,0,7027,5040,3120
199040,200460,The Forbidden Chakra,21,0.0544,10620,3360,7360,2700,5600,10120,1500,7800,900,5940,0,7048,5040,3120
200330,201090,Rising Phoenix,900,1.0,10620,3360,7360,2700,5600,10120,1500,7800,1800,5940,0,7048,5040,3120
200690,201222,Auto,90,1.0,10710,3360,7360,2700,5600,10120,1500,7800,1800,5940,0,7048,5040,3120
201710,202242,Auto,90,1.0,10800,3360,7360,2700,5600,10120,1500,7800,1800,5940,0,7048,5040,3120
200980,202400,The Forbidden Chakra,22,0.0564,10800,3360,7360,2700,5600,10120,1500,7800,1800,5940,0,7070,5040,3120
202270,202890,Leaping Opo,460,1.0,10800,3360,7360,2700,5600,10580,1500,7800,1800,5940,0,7070,5040,3120
202730,203262,Auto,90,1.0,10890,3360,7360,2700,5600,10580,1500,7800,1800,5940,0,7070,5040,3120
203750,204282,Auto,90,1.0,10980,3360,7360,2700,5600,10580,1500,7800,1800,5940,0,7070,5040,3120
202890,204310,The Forbidden Chakra,79,0.1989,10980,3360,7360,2700,5600,10580,1500,7800,1800,5940,0,7149,5040,3120
204210,205100,Rising Raptor,540,1.0,10980,3360,7360,2700,5600,10580,1500,7800,1800,6480,0,7149,5040,3120
204770,205302,Auto,90,1.0,11070,3360,7360,2700,5600,10580,1500,7800,1800,6480,0,7149,5040,3120
204860,206280,The Forbidden Chakra,23,0.0584,11070,3360,7360,2700,5600,10580,1500,7800,1800,6480,0,7172,5040,3120
205790,206322,Auto,90,1.0,11160,3360,7360,2700,5600,10580,1500,7800,1800,6480,0,7172,5040,3120
206150,207170,Pouncing Coeurl,520,1.0,11160,3360,7360,2700,5600,10580,1500,8320,1800,6480,0,7172,5040,3120
206800,208220,The Forbidden Chakra,21,0.0547,11160,3360,7360,2700,5600,10580,1500,8320,1800,6480,0,7193,5040,3120
207830,208362,Auto,90,1.0,11250,3360,7360,2700,5600,10580,1500,8320,1800,6480,0,7193,5040,3120
208090,209380,Dragon Kick,320,1.0,11250,3360,7680,2700,5600,10580,1500,8320,1800,6480,0,7193,5040,3120
208740,210160,The Forbidden Chakra,23,0.0582,11250,3360,7680,2700,5600,10580,1500,8320,1800,6480,0,7216,5040,3120
209870,210402,Auto,90,1.0,11340,3360,7680,2700,5600,10580,1500,8320,1800,6480,0,7216,5040,3120
210030,210870,Twin Snakes,420,1.0,11340,3360,7680,2700,5600,10580,1500,8320,1800,6480,0,7216,5460,3120
210680,212100,The Forbidden Chakra,21,0.0533,11340,3360,7680,2700,5600,10580,1500,8320,1800,6480,0,7237,5460,3120
211910,212442,Auto,90,1.0,11430,3360,7680,2700,5600,10580,1500,8320,1800,6480,0,7237,5460,3120
211970,213570,Demolish,420,1.0,11430,3780,7680,2700,5600,10580,1500,8320,1800,6480,0,7237,5460,3120
212620,214040,The Forbidden Chakra,23,0.0577,11430,3780,7680,2700,5600,10580,1500,8320,1800,6480,0,7260,5460,3120
213950,214482,Auto,90,1.0,11520,3780,7680,2700,5600,10580,1500,8320,1800,6480,0,7260,5460,3120
213910,214530,Leaping Opo,460,1.0,11520,3780,7680,2700,5600,11040,1500,8320,1800,6480,0,7260,5460,3120
214560,215980,The Forbidden Chakra,81,0.2032,11520,3780,7680,2700,5600,11040,1500,8320,1800,6480,0,7341,5460,3120
215990,216522,Auto,90,1.0,11610,3780,7680,2700,5600,11040,1500,8320,1800,6480,0,7341,5460,3120
215850,216740,Rising Raptor,540,1.0,11610,3780,7680,2700,5600,11040,1500,8320,1800,7020,0,7341,5460,3120
216500,217920,The Forbidden Chakra,22,0.0574,11610,3780,7680,2700,5600,11040,1500,8320,1800,7020,0,7363,5460,3120
218030,218562,Auto,90,1.0,11700,3780,7680,2700,5600,11040,1500,8320,1800,7020,0,7363,5460,3120
217791,218811,Pouncing Coeurl,520,1.0,11700,3780,7680,2700,5600,11040,1500,8840,1800,7020,0,7363,5460,3120
218441,219861,The Forbidden Chakra,21,0.0526,11700,3780,7680,2700,5600,11040,1500,8840,1800,7020,0,7384,5460,3120
220070,220602,Auto,90,1.0,11790,3780,7680,2700,5600,11040,1500,8840,1800,7020,0,7384,5460,3120
219731,221021,Dragon Kick,320,1.0,11790,3780,8000,2700,5600,11040,1500,8840,1800,7020,0,7384,5460,3120
220351,221771,The Forbidden Chakra,23,0.0582,11790,3780,8000,2700,5600,11040,1500,8840,1800,7020,0,7407,5460,3120
221671,222511,Twin Snakes,420,1.0,11790,3780,8000,2700,5600,11040,1500,8840,1800,7020,0,7407,5880,3120
222110,222642,Auto,90,1.0,11880,3780,8000,2700,5600,11040,1500,8840,1800,7020,0,7407,5880,3120
222321,223741,The Forbidden Chakra,20,0.0519,11880,3780,8000,2700,5600,11040,1500,8840,1800,7020,0,7427,5880,3120
223611,224631,Pouncing Coeurl,520,1.0,11880,3780,8000,2700,5600,11040,1500,9360,1800,7020,0,7427,5880,3120
224150,224682,Auto,90,1.0,11970,3780,8000,2700,5600,11040,1500,9360,1800,7020,0,7427,5880,3120
224261,225681,The Forbidden Chakra,23,0.0593,11970,3780,8000,2700,5600,11040,1500,9360,1800,7020,0,7450,5880,3120
225551,226171,Leaping Opo,460,1.0,11970,3780,8000,2700,5600,11500,1500,9360,1800,7020,0,7450,5880,3120
226190,226722,Auto,90,1.0,12060,3780,8000,2700,5600,11500,1500,9360,1800,7020,0,7450,5880,3120
226201,227621,The Forbidden Chakra,79,0.1976,12060,3780,8000,2700,5600,11500,1500,9360,1800,7020,0,7529,5880,3120
227491,228381,Rising Raptor,540,1.0,12060,3780,8000,2700,5600,11500,1500,9360,1800,7560,0,7529,5880,3120
228230,228762,Auto,90,1.0,12150,3780,8000,2700,5600,11500,1500,9360,1800,7560,0,7529,5880,3120
228141,229561,The Forbidden Chakra,22,0.0557,12150,3780,8000,2700,5600,11500,1500,9360,1800,7560,0,7551,5880,3120
230270,230802,Auto,90,1.0,12240,3780,8000,2700,5600,11500,1500,9360,1800,7560,0,7551,5880,3120
229431,231031,Demolish,420,1.0,12240,4200,8000,2700,5600,11500,1500,9360,1800,7560,0,7551,5880,3120
230081,231501,The Forbidden Chakra,21,0.0538,12240,4200,8000,2700,5600,11500,1500,9360,1800,7560,0,7572,5880,3120
231371,232661,Dragon Kick,320,1.0,12240,4200,8320,2700,5600,11500,1500,9360,1800,7560,0,7572,5880,3120
232310,232842,Auto,90,1.0,12330,4200,8320,2700,5600,11500,1500,9360,1800,7560,0,7572,5880,3120
232021,233441,The Forbidden Chakra,21,0.0542,12330,4200,8320,2700,5600,11500,1500,9360,1800,7560,0,7593,5880,3120
233311,234151,Twin Snakes,420,1.0,12330,4200,8320,2700,5600,11500,1500,9360,1800,7560,0,7593,6300,3120
234350,234882,Auto,90,1.0,12420,4200,8320,2700,5600,11500,1500,9360,1800,7560,0,7593,6300,3120
233961,235381,The Forbidden Chakra,21,0.0544,12420,4200,8320,2700,5600,11500,1500,9360,1800,7560,0,7614,6300,3120
235251,236271,Pouncing Coeurl,520,1.0,12420,4200,8320,2700,5600,11500,1500,9880,1800,7560,0,7614,6300,3120
236390,236922,Auto,90,1.0,12510,4200,8320,2700,5600,11500,1500,9880,1800,7560,0,7614,6300,3120
235901,237321,The Forbidden Chakra,23,0.0594,12510,4200,8320,2700,5600,11500,1500,9880,1800,7560,0,7637,6300,3120
237191,237811,Leaping Opo,460,1.0,12510,4200,8320,2700,5600,11960,1500,9880,1800,7560,0,7637,6300,3120
238430,238962,Auto,90,1.0,12600,4200,8320,2700,5600,11960,1500,9880,1800,7560,0,7637,6300,3120
237841,239261,The Forbidden Chakra,81,0.2044,12600,4200,8320,2700,5600,11960,1500,9880,1800,7560,0,7718,6300,3120
239132,240022,Rising Raptor,540,1.0,12600,4200,8320,2700,5600,11960,1500,9880,1800,8100,0,7718,6300,3120
240470,241002,Auto,90,1.0,12690,4200,8320,2700,5600,11960,1500,9880,1800,8100,0,7718,6300,3120
239782,241202,The Forbidden Chakra,22,0.0553,12690,4200,8320,2700,5600,11960,1500,9880,1800,8100,0,7740,6300,3120
241072,242092,Pouncing Coeurl,520,1.0,12690,4200,8320,2700,5600,11960,1500,10400,1800,8100,0,7740,6300,3120
242510,243042,Auto,90,1.0,12780,4200,8320,2700,5600,11960,1500,10400,1800,8100,0,7740,6300,3120
241722,243142,The Forbidden Chakra,23,0.058,12780,4200,8320,2700,5600,11960,1500,10400,1800,8100,0,7763,6300,3120
243012,244302,Dragon Kick,320,1.0,12780,4200,8640,2700,5600,11960,1500,10400,1800,8100,0,7763,6300,3120
244550,245082,Auto,90,1.0,12870,4200,8640,2700,5600,11960,1500,10400,1800,8100,0,7763,6300,3120
244952,245572,Leaping Opo,460,1.0,12870,4200,8640,2700,5600,12420,1500,10400,1800,8100,0,7763,6300,3120
244282,245702,The Forbidden Chakra,22,0.0565,12870,4200,8640,2700,5600,12420,1500,10400,1800,8100,0,7785,6300,3120
246590,247122,Auto,90,1.0,12960,4200,8640,2700,5600,12420,1500,10400,1800,8100,0,7785,6300,3120
246892,248182,Dragon Kick,320,1.0,12960,4200,8960,2700,5600,12420,1500,10400,1800,8100,0,7785,6300,3120
247512,248932,The Forbidden Chakra,144,0.3607,12960,4200,8960,2700,5600,12420,1500,10400,1800,8100,0,7929,6300,3120
248630,249162,Auto,90,1.0,13050,4200,8960,2700,5600,12420,1500,10400,1800,8100,0,7929,6300,3120
248832,249452,Leaping Opo,460,1.0,13050,4200,8960,2700,5600,12880,1500,10400,1800,8100,0,7929,6300,3120
248162,249582,The Forbidden Chakra,15,0.0395,13050,4200,8960,2700,5600,12880,1500,10400,1800,8100,0,7944,6300,3120
249482,250902,The Forbidden Chakra,315,0.7876,13050,4200,8960,2700,5600,12880,1500,10400,1800,8100,0,8259,6300,3120
250772,251172,Phantom Rush,1500,1.0,13050,4200,8960,2700,5600,12880,3000,10400,1800,8100,0,8259,6300,3120
250670,251202,Auto,90,1.0,13140,4200,8960,2700,5600,12880,3000,10400,1800,8100,0,8259,6300,3120
250062,251482,The Forbidden Chakra,20,0.0504,13140,4200,8960,2700,5600,12880,3000,10400,1800,8100,0,8279,6300,3120
251392,252812,The Forbidden Chakra,179,0.4489,13140,4200,8960,2700,5600,12880,3000,10400,1800,8100,0,8458,6300,3120
252710,253242,Auto,90,1.0,13230,4200,8960,2700,5600,12880,3000,10400,1800,8100,0,8458,6300,3120
252042,253462,The Forbidden Chakra,30,0.0753,13230,4200,8960,2700,5600,12880,3000,10400,1800,8100,0,8488,6300,3120
252712,254002,Dragon Kick,320,1.0,13230,4200,9280,2700,5600,12880,3000,10400,1800,8100,0,8488,6300,3120
253362,254782,The Forbidden Chakra,63,0.1592,13230,4200,9280,2700,5600,12880,3000,10400,1800,8100,0,8551,6300,3120
254750,255282,Auto,90,1.0,13320,4200,9280,2700,5600,12880,3000,10400,1800,8100,0,8551,6300,3120
253942,255362,The Forbidden Chakra,49,0.1243,13320,4200,9280,2700,5600,12880,3000,10400,1800,8100,0,8600,6300,3120
254652,256072,Fire's Reply,1400,1.0,13320,4200,9280,2700,7000,12880,3000,10400,1800,8100,0,8600,6300,3120
255272,256692,The Forbidden Chakra,128,0.32,13320,4200,9280,2700,7000,12880,3000,10400,1800,8100,0,8728,6300,3120
256591,257211,Leaping Opo,460,1.0,13320,4200,9280,2700,7000,13340,3000,10400,1800,8100,0,8728,6300,3120
256790,257322,Auto,90,1.0,13410,4200,9280,2700,7000,13340,3000,10400,1800,8100,0,8728,6300,3120
255922,257342,The Forbidden Chakra,48,0.1206,13410,4200,9280,2700,7000,13340,3000,10400,1800,8100,0,8776,6300,3120
257862,259282,The Forbidden Chakra,299,0.7491,13410,4200,9280,2700,7000,13340,3000,10400,1800,8100,0,9075,6300,3120
258830,259362,Auto,90,1.0,13500,4200,9280,2700,7000,13340,3000,10400,1800,8100,0,9075,6300,3120
258533,259823,Dragon Kick,320,1.0,13500,4200,9600,2700,7000,13340,3000,10400,1800,8100,0,9075,6300,3120
259153,260573,The Forbidden Chakra,83,0.2085,13500,4200,9600,2700,7000,13340,3000,10400,1800,8100,0,9158,6300,3120
260473,261093,Leaping Opo,460,1.0,13500,4200,9600,2700,7000,13800,3000,10400,1800,8100,0,9158,6300,3120
259803,261223,The Forbidden Chakra,33,0.083,13500,4200,9600,2700,7000,13800,3000,10400,1800,8100,0,9191,6300,3120
260870,261402,Auto,90,1.0,13590,4200,9600,2700,7000,13800,3000,10400,1800,8100,0,9191,6300,3120
261123,262543,The Forbidden Chakra,324,0.8113,13590,4200,9600,2700,7000,13800,3000,10400,1800,8100,0,9515,6300,3120
261703,263123,The Forbidden Chakra,23,0.0587,13590,4200,9600,2700,7000,13800,3000,10400,1800,8100,0,9538,6300,3120
262910,263442,Auto,90,1.0,13680,4200,9600,2700,7000,13800,3000,10400,1800,8100,0,9538,6300,3120
262413,263703,Dragon Kick,320,1.0,13680,4200,9920,2700,7000,13800,3000,10400,1800,8100,0,9538,6300,3120
263033,264453,The Forbidden Chakra,65,0.1638,13680,4200,9920,2700,7000,13800,3000,10400,1800,8100,0,9603,6300,3120
263683,265103,The Forbidden Chakra,49,0.1225,13680,4200,9920,2700,7000,13800,3000,10400,1800,8100,0,9652,6300,3120
264950,265482,Auto,90,1.0,13770,4200,9920,2700,7000,13800,3000,10400,1800,8100,0,9652,6300,3120
264353,265773,Elixir Burst,900,1.0,13770,4200,9920,3600,7000,13800,3000,10400,1800,8100,0,9652,6300,3120
264973,266393,The Forbidden Chakra,157,0.3932,13770,4200,9920,3600,7000,13800,3000,10400,1800,8100,0,9809,6300,3120
266293,266913,Leaping Opo,460,1.0,13770,4200,9920,3600,7000,14260,3000,10400,1800,8100,0,9809,6300,3120
265623,267043,The Forbidden Chakra,48,0.1217,13770,4200,9920,3600,7000,14260,3000,10400,1800,8100,0,9857,6300,3120
266990,267522,Auto,90,1.0,13860,4200,9920,3600,7000,14260,3000,10400,1800,8100,0,9857,6300,3120
266943,268363,The Forbidden Chakra,194,0.4859,13860,4200,9920,3600,7000,14260,3000,10400,1800,8100,0,10051,6300,3120
268233,269073,Twin Snakes,420,1.0,13860,4200,9920,3600,7000,14260,3000,10400,1800,8100,0,10051,6720,3120
269030,269562,Auto,90,1.0,13950,4200,9920,3600,7000,14260,3000,10400,1800,8100,0,10051,6720,3120
268883,270303,The Forbidden Chakra,23,0.0582,13950,4200,9920,3600,7000,14260,3000,10400,1800,8100,0,10074,6720,3120
271070,271602,Auto,90,1.0,14040,4200,9920,3600,7000,14260,3000,10400,1800,8100,0,10074,6720,3120
270173,271773,Demolish,420,1.0,14040,4620,9920,3600,7000,14260,3000,10400,1800,8100,0,10074,6720,3120
270823,272243,The Forbidden Chakra,23,0.0586,14040,4620,9920,3600,7000,14260,3000,10400,1800,8100,0,10097,6720,3120
272113,273403,Dragon Kick,320,1.0,14040,4620,10240,3600,7000,14260,3000,10400,1800,8100,0,10097,6720,3120
273110,273642,Auto,90,1.0,14130,4620,10240,3600,7000,14260,3000,10400,1800,8100,0,10097,6720,3120
272763,274183,The Forbidden Chakra,23,0.0596,14130,4620,10240,3600,7000,14260,3000,10400,1800,8100,0,10120,6720,3120
274053,274943,Rising Raptor,540,1.0,14130,4620,10240,3600,7000,14260,3000,10400,1800,8640,0,10120,6720,3120
275150,275682,Auto,90,1.0,14220,4620,10240,3600,7000,14260,3000,10400,1800,8640,0,10120,6720,3120
274703,276123,The Forbidden Chakra,21,0.0546,14220,4620,10240,3600,7000,14260,3000,10400,1800,8640,0,10141,6720,3120
275993,277013,Pouncing Coeurl,520,1.0,14220,4620,10240,3600,7000,14260,3000,10920,1800,8640,0,10141,6720,3120
277190,277722,Auto,90,1.0,14310,4620,10240,3600,7000,14260,3000,10920,1800,8640,0,10141,6720,3120
276643,278063,The Forbidden Chakra,17,0.0448,14310,4620,10240,3600,7000,14260,3000,10920,1800,8640,0,10158,6720,3120
277933,278553,Leaping Opo,460,1.0,14310,4620,10240,3600,7000,14720,3000,10920,1800,8640,0,10158,6720,3120
279230,279762,Auto,90,1.0,14400,4620,10240,3600,7000,14720,3000,10920,1800,8640,0,10158,6720,3120
278583,280003,The Forbidden Chakra,61,0.1527,14400,4620,10240,3600,7000,14720,3000,10920,1800,8640,0,10219,6720,3120
279874,280714,Twin Snakes,420,1.0,14400,4620,10240,3600,7000,14720,3000,10920,1800,8640,0,10219,7140,3120
281270,281802,Auto,90,1.0,14490,4620,10240,3600,7000,14720,3000,10920,1800,8640,0,10219,7140,3120
281144,282564,The Forbidden Chakra,19,0.0479,14490,4620,10240,3600,7000,14720,3000,10920,1800,8640,0,10238,7140,3120
282290,282822,Auto,90,1.0,14580,4620,10240,3600,7000,14720,3000,10920,1800,8640,0,10238,7140,3120
281814,282834,Pouncing Coeurl,520,1.0,14580,4620,10240,3600,7000,14720,3000,11440,1800,8640,0,10238,7140,3120
283310,283842,Auto,90,1.0,14670,4620,10240,3600,7000,14720,3000,11440,1800,8640,0,10238,7140,3120
282464,283884,The Forbidden Chakra,20,0.0506,14670,4620,10240,3600,7000,14720,3000,11440,1800,8640,0,10258,7140,3120
284330,284862,Auto,90,1.0,14760,4620,10240,3600,7000,14720,3000,11440,1800,8640,0,10258,7140,3120
283754,285044,Dragon Kick,320,1.0,14760,4620,10560,3600,7000,14720,3000,11440,1800,8640,0,10258,7140,3120
284404,285824,The Forbidden Chakra,21,0.0542,14760,4620,10560,3600,7000,14720,3000,11440,1800,8640,0,10279,7140,3120
285350,285882,Auto,90,1.0,14850,4620,10560,3600,7000,14720,3000,11440,1800,8640,0,10279,7140,3120
285694,286894,Wind's Reply,1040,1.0,14850,4620,10560,3600,7000,14720,3000,11440,1800,8640,0,10279,7140,4160
286370,286902,Auto,90,1.0,14940,4620,10560,3600,7000,14720,3000,11440,1800,8640,0,10279,7140,4160
286344,287764,The Forbidden Chakra,21,0.0529,14940,4620,10560,3600,7000,14720,3000,11440,1800,8640,0,10300,7140,4160
287390,287922,Auto,90,1.0,15030,4620,10560,3600,7000,14720,3000,11440,1800,8640,0,10300,7140,4160
287634,288524,Rising Raptor,540,1.0,15030,4620,10560,3600,7000,14720,3000,11440,1800,9180,0,10300,7140,4160
288410,288942,Auto,90,1.0,15120,4620,10560,3600,7000,14720,3000,11440,1800,9180,0,10300,7140,4160
288284,289704,The Forbidden Chakra,21,0.0535,15120,4620,10560,3600,7000,14720,3000,11440,1800,9180,0,10321,7140,4160
289430,289962,Auto,90,1.0,15210,4620,10560,3600,7000,14720,3000,11440,1800,9180,0,10321,7140,4160
290450,290982,Auto,90,1.0,15300,4620,10560,3600,7000,14720,3000,11440,1800,9180,0,10321,7140,4160
289574,291174,Demolish,420,1.0,15300,5040,10560,3600,7000,14720,3000,11440,1800,9180,0,10321,7140,4160
290224,291644,The Forbidden Chakra,25,0.0647,15300,5040,10560,3600,7000,14720,3000,11440,1800,9180,0,10346,7140,4160
291470,292002,Auto,90,1.0,15390,5040,10560,3600,7000,14720,3000,11440,1800,9180,0,10346,7140,4160
291514,292134,Leaping Opo,460,1.0,15390,5040,10560,3600,7000,15180,3000,11440,1800,9180,0,10346,7140,4160
292490,293022,Auto,90,1.0,15480,5040,10560,3600,7000,15180,3000,11440,1800,9180,0,10346,7140,4160
292134,293554,The Forbidden Chakra,86,0.2173,15480,5040,10560,3600,7000,15180,3000,11440,1800,9180,0,10432,7140,4160
293510,294042,Auto,90,1.0,15570,5040,10560,3600,7000,15180,3000,11440,1800,9180,0,10432,7140,4160
293454,294294,Twin Snakes,420,1.0,15570,5040,10560,3600,7000,15180,3000,11440,1800,9180,0,10432,7560,4160
294530,295062,Auto,90,1.0,15660,5040,10560,3600,7000,15180,3000,11440,1800,9180,0,10432,7560,4160
294104,295524,The Forbidden Chakra,25,0.0625,15660,5040,10560,3600,7000,15180,3000,11440,1800,9180,0,10457,7560,4160
295550,296082,Auto,90,1.0,15750,5040,10560,3600,7000,15180,3000,11440,1800,9180,0,10457,7560,4160
295394,296414,Pouncing Coeurl,520,1.0,15750,5040,10560,3600,7000,15180,3000,11960,1800,9180,0,10457,7560,4160
296570,297102,Auto,90,1.0,15840,5040,10560,3600,7000,15180,3000,11960,1800,9180,0,10457,7560,4160
296044,297464,The Forbidden Chakra,23,0.0598,15840,5040,10560,3600,7000,15180,3000,11960,1800,9180,0,10480,7560,4160
297334,298624,Dragon Kick,320,1.0,15840,5040,10880,3600,7000,15180,3000,11960,1800,9180,0,10480,7560,4160
298610,299142,Auto,90,1.0,15930,5040,10880,3600,7000,15180,3000,11960,1800,9180,0,10480,7560,4160
297984,299404,The Forbidden Chakra,21,0.054,15930,5040,10880,3600,7000,15180,3000,11960,1800,9180,0,10501,7560,4160
299274,300164,Rising Raptor,540,1.0,15930,5040,10880,3600,7000,15180,3000,11960,1800,9720,0,10501,7560,4160
300650,301182,Auto,90,1.0,16020,5040,10880,3600,7000,15180,3000,11960,1800,9720,0,10501,7560,4160
299924,301344,The Forbidden Chakra,22,0.0551,16020,5040,10880,3600,7000,15180,3000,11960,1800,9720,0,10523,7560,4160
301215,302235,Pouncing Coeurl,520,1.0,16020,5040,10880,3600,7000,15180,3000,12480,1800,9720,0,10523,7560,4160
302690,303222,Auto,90,1.0,16110,5040,10880,3600,7000,15180,3000,12480,1800,9720,0,10523,7560,4160
301865,303285,The Forbidden Chakra,20,0.0518,16110,5040,10880,3600,7000,15180,3000,12480,1800,9720,0,10543,7560,4160
303155,303775,Leaping Opo,460,1.0,16110,5040,10880,3600,7000,15640,3000,12480,1800,9720,0,10543,7560,4160
303805,305225,The Forbidden Chakra,79,0.1981,16110,5040,10880,3600,7000,15640,3000,12480,1800,9720,0,10622,7560,4160
304730,305262,Auto,90,1.0,16200,5040,10880,3600,7000,15640,3000,12480,1800,9720,0,10622,7560,4160
305095,305935,Twin Snakes,420,1.0,16200,5040,10880,3600,7000,15640,3000,12480,1800,9720,0,10622,7980,4160
306770,307302,Auto,90,1.0,16290,5040,10880,3600,7000,15640,3000,12480,1800,9720,0,10622,7980,4160
307035,308635,Demolish,420,1.0,16290,5460,10880,3600,7000,15640,3000,12480,1800,9720,0,10622,7980,4160
307685,309105,The Forbidden Chakra,41,0.1048,16290,5460,10880,3600,7000,15640,3000,12480,1800,9720,0,10663,7980,4160
308810,309342,Auto,90,1.0,16380,5460,10880,3600,7000,15640,3000,12480,1800,9720,0,10663,7980,4160
308975,310265,Dragon Kick,320,1.0,16380,5460,11200,3600,7000,15640,3000,12480,1800,9720,0,10663,7980,4160
309625,311045,The Forbidden Chakra,22,0.0567,16380,5460,11200,3600,7000,15640,3000,12480,1800,9720,0,10685,7980,4160
310850,311382,Auto,90,1.0,16470,5460,11200,3600,7000,15640,3000,12480,1800,9720,0,10685,7980,4160
310915,312335,Fire's Reply,1400,1.0,16470,5460,11200,3600,8400,15640,3000,12480,1800,9720,0,10685,7980,4160
311565,312985,The Forbidden Chakra,20,0.0523,16470,5460,11200,3600,8400,15640,3000,12480,1800,9720,0,10705,7980,4160
312890,313422,Auto,90,1.0,16560,5460,11200,3600,8400,15640,3000,12480,1800,9720,0,10705,7980,4160
312855,313475,Leaping Opo,460,1.0,16560,5460,11200,3600,8400,16100,3000,12480,1800,9720,0,10705,7980,4160
314930,315462,Auto,90,1.0,16650,5460,11200,3600,8400,16100,3000,12480,1800,9720,0,10705,7980,4160
314125,315545,The Forbidden Chakra,80,0.2016,16650,5460,11200,3600,8400,16100,3000,12480,1800,9720,0,10785,7980,4160
314795,316085,Dragon Kick,320,1.0,16650,5460,11520,3600,8400,16100,3000,12480,1800,9720,0,10785,7980,4160
315445,316865,The Forbidden Chakra,23,0.0592,16650,5460,11520,3600,8400,16100,3000,12480,1800,9720,0,10808,7980,4160
316970,317502,Auto,90,1.0,16740,5460,11520,3600,8400,16100,3000,12480,1800,9720,0,10808,7980,4160
316735,317625,Rising Raptor,540,1.0,16740,5460,11520,3600,8400,16100,3000,12480,1800,10260,0,10808,7980,4160
317385,318805,The Forbidden Chakra,23,0.0578,16740,5460,11520,3600,8400,16100,3000,12480,1800,10260,0,10831,7980,4160
319010,319542,Auto,90,1.0,16830,5460,11520,3600,8400,16100,3000,12480,1800,10260,0,10831,7980,4160
318675,319695,Pouncing Coeurl,520,1.0,16830,5460,11520,3600,8400,16100,3000,13000,1800,10260,0,10831,7980,4160
319295,320715,The Forbidden Chakra,21,0.0546,16830,5460,11520,3600,8400,16100,3000,13000,1800,10260,0,10852,7980,4160
320616,321376,Rising Phoenix,900,1.0,16830,5460,11520,3600,8400,16100,3000,13000,2700,10260,0,10852,7980,4160
321050,321582,Auto,90,1.0,16920,5460,11520,3600,8400,16100,3000,13000,2700,10260,0,10852,7980,4160
321266,322686,The Forbidden Chakra,21,0.0526,16920,5460,11520,3600,8400,16100,3000,13000,2700,10260,0,10873,7980,4160
322556,323176,Leaping Opo,460,1.0,16920,5460,11520,3600,8400,16560,3000,13000,2700,10260,0,10873,7980,4160
323090,323622,Auto,90,1.0,17010,5460,11520,3600,8400,16560,3000,13000,2700,10260,0,10873,7980,4160
323206,324626,The Forbidden Chakra,81,0.2031,17010,5460,11520,3600,8400,16560,3000,13000,2700,10260,0,10954,7980,4160
324496,325336,Twin Snakes,420,1.0,17010,5460,11520,3600,8400,16560,3000,13000,2700,10260,0,10954,8400,4160
325130,325662,Auto,90,1.0,17100,5460,11520,3600,8400,16560,3000,13000,2700,10260,0,10954,8400,4160
325146,326566,The Forbidden Chakra,22,0.0563,17100,5460,11520,3600,8400,16560,3000,13000,2700,10260,0,10976,8400,4160
326436,327456,Pouncing Coeurl,520,1.0,17100,5460,11520,3600,8400,16560,3000,13520,2700,10260,0,10976,8400,4160
327170,327702,Auto,90,1.0,17190,5460,11520,3600,8400,16560,3000,13520,2700,10260,0,10976,8400,4160
327086,328506,The Forbidden Chakra,22,0.0563,17190,5460,11520,3600,8400,16560,3000,13520,2700,10260,0,10998,8400,4160
328376,329666,Dragon Kick,320,1.0,17190,5460,11840,3600,8400,16560,3000,13520,2700,10260,0,10998,8400,4160
329210,329742,Auto,90,1.0,17280,5460,11840,3600,8400,16560,3000,13520,2700,10260,0,10998,8400,4160
329026,330446,The Forbidden Chakra,22,0.055,17280,5460,11840,3600,8400,16560,3000,13520,2700,10260,0,11020,8400,4160
330316,331206,Rising Raptor,540,1.0,17280,5460,11840,3600,8400,16560,3000,13520,2700,10800,0,11020,8400,4160
331250,331782,Auto,90,1.0,17370,5460,11840,3600,8400,16560,3000,13520,2700,10800,0,11020,8400,4160
330966,332386,The Forbidden Chakra,20,0.0504,17370,5460,11840,3600,8400,16560,3000,13520,2700,10800,0,11040,8400,4160
333290,333822,Auto,90,1.0,17460,5460,11840,3600,8400,16560,3000,13520,2700,10800,0,11040,8400,4160
332256,333856,Demolish,420,1.0,17460,5880,11840,3600,8400,16560,3000,13520,2700,10800,0,11040,8400,4160
332906,334326,The Forbidden Chakra,23,0.0578,17460,5880,11840,3600,8400,16560,3000,13520,2700,10800,0,11063,8400,4160
334196,334816,Leaping Opo,460,1.0,17460,5880,11840,3600,8400,17020,3000,13520,2700,10800,0,11063,8400,4160
335330,335862,Auto,90,1.0,17550,5880,11840,3600,8400,17020,3000,13520,2700,10800,0,11063,8400,4160
334816,336236,The Forbidden Chakra,80,0.2009,17550,5880,11840,3600,8400,17020,3000,13520,2700,10800,0,11143,8400,4160
336136,336976,Twin Snakes,420,1.0,17550,5880,11840,3600,8400,17020,3000,13520,2700,10800,0,11143,8820,4160
337370,337902,Auto,90,1.0,17640,5880,11840,3600,8400,17020,3000,13520,2700,10800,0,11143,8820,4160
336786,338206,The Forbidden Chakra,21,0.0538,17640,5880,11840,3600,8400,17020,3000,13520,2700,10800,0,11164,8820,4160
338076,339096,Pouncing Coeurl,520,1.0,17640,5880,11840,3600,8400,17020,3000,14040,2700,10800,0,11164,8820,4160
339410,339942,Auto,90,1.0,17730,5880,11840,3600,8400,17020,3000,14040,2700,10800,0,11164,8820,4160
338726,340146,The Forbidden Chakra,21,0.0545,17730,5880,11840,3600,8400,17020,3000,14040,2700,10800,0,11185,8820,4160
340016,341306,Dragon Kick,320,1.0,17730,5880,12160,3600,8400,17020,3000,14040,2700,10800,0,11185,8820,4160
341450,341982,Auto,90,1.0,17820,5880,12160,3600,8400,17020,3000,14040,2700,10800,0,11185,8820,4160
340666,342086,The Forbidden Chakra,23,0.0591,17820,5880,12160,3600,8400,17020,3000,14040,2700,10800,0,11208,8820,4160
341957,342847,Rising Raptor,540,1.0,17820,5880,12160,3600,8400,17020,3000,14040,2700,11340,0,11208,8820,4160
343490,344022,Auto,90,1.0,17910,5880,12160,3600,8400,17020,3000,14040,2700,11340,0,11208,8820,4160
342607,344027,The Forbidden Chakra,21,0.0543,17910,5880,12160,3600,8400,17020,3000,14040,2700,11340,0,11229,8820,4160
343897,344917,Pouncing Coeurl,520,1.0,17910,5880,12160,3600,8400,17020,3000,14560,2700,11340,0,11229,8820,4160
344547,345967,The Forbidden Chakra,23,0.0584,17910,5880,12160,3600,8400,17020,3000,14560,2700,11340,0,11252,8820,4160
345530,346062,Auto,90,1.0,18000,5880,12160,3600,8400,17020,3000,14560,2700,11340,0,11252,8820,4160
345837,346457,Leaping Opo,460,1.0,18000,5880,12160,3600,8400,17480,3000,14560,2700,11340,0,11252,8820,4160
346487,347907,The Forbidden Chakra,79,0.1988,18000,5880,12160,3600,8400,17480,3000,14560,2700,11340,0,11331,8820,4160
347570,348102,Auto,90,1.0,18090,5880,12160,3600,8400,17480,3000,14560,2700,11340,0,11331,8820,4160
347777,348617,Twin Snakes,420,1.0,18090,5880,12160,3600,8400,17480,3000,14560,2700,11340,0,11331,9240,4160
348427,349847,The Forbidden Chakra,20,0.0518,18090,5880,12160,3600,8400,17480,3000,14560,2700,11340,0,11351,9240,4160
349610,350142,Auto,90,1.0,18180,5880,12160,3600,8400,17480,3000,14560,2700,11340,0,11351,9240,4160
349717,351317,Demolish,420,1.0,18180,6300,12160,3600,8400,17480,3000,14560,2700,11340,0,11351,9240,4160
350337,351757,The Forbidden Chakra,22,0.0558,18180,6300,12160,3600,8400,17480,3000,14560,2700,11340,0,11373,9240,4160
351650,352182,Auto,90,1.0,18270,6300,12160,3600,8400,17480,3000,14560,2700,11340,0,11373,9240,4160
351657,352947,Dragon Kick,320,1.0,18270,6300,12480,3600,8400,17480,3000,14560,2700,11340,0,11373,9240,4160
352307,353727,The Forbidden Chakra,22,0.055,18270,6300,12480,3600,8400,17480,3000,14560,2700,11340,0,11395,9240,4160
353690,354222,Auto,90,1.0,18360,6300,12480,3600,8400,17480,3000,14560,2700,11340,0,11395,9240,4160
353597,354487,Rising Raptor,540,1.0,18360,6300,12480,3600,8400,17480,3000,14560,2700,11880,0,11395,9240,4160
354247,355667,The Forbidden Chakra,21,0.0543,18360,6300,12480,3600,8400,17480,3000,14560,2700,11880,0,11416,9240,4160
355730,356262,Auto,90,1.0,18450,6300,12480,3600,8400,17480,3000,14560,2700,11880,0,11416,9240,4160
355537,356557,Pouncing Coeurl,520,1.0,18450,6300,12480,3600,8400,17480,3000,15080,2700,11880,0,11416,9240,4160
356187,357607,The Forbidden Chakra,22,0.0572,18450,6300,12480,3600,8400,17480,3000,15080,2700,11880,0,11438,9240,4160
357477,358097,Leaping Opo,460,1.0,18450,6300,12480,3600,8400,17940,3000,15080,2700,11880,0,11438,9240,4160
357770,358302,Auto,90,1.0,18540,6300,12480,3600,8400,17940,3000,15080,2700,11880,0,11438,9240,4160
358127,359547,The Forbidden Chakra,82,0.2051,18540,6300,12480,3600,8400,17940,3000,15080,2700,11880,0,11520,9240,4160
359417,360257,Twin Snakes,420,1.0,18540,6300,12480,3600,8400,17940,3000,15080,2700,11880,0,11520,9660,4160
359810,360342,Auto,90,1.0,18630,6300,12480,3600,8400,17940,3000,15080,2700,11880,0,11520,9660,4160
360067,361487,The Forbidden Chakra,23,0.0589,18630,6300,12480,3600,8400,17940,3000,15080,2700,11880,0,11543,9660,4160
361357,362377,Pouncing Coeurl,520,1.0,18630,6300,12480,3600,8400,17940,3000,15600,2700,11880,0,11543,9660,4160
361850,362382,Auto,90,1.0,18720,6300,12480,3600,8400,17940,3000,15600,2700,11880,0,11543,9660,4160
362007,363427,The Forbidden Chakra,22,0.0572,18720,6300,12480,3600,8400,17940,3000,15600,2700,11880,0,11565,9660,4160
363890,364422,Auto,90,1.0,18810,6300,12480,3600,8400,17940,3000,15600,2700,11880,0,11565,9660,4160
363298,364588,Dragon Kick,320,1.0,18810,6300,12800,3600,8400,17940,3000,15600,2700,11880,0,11565,9660,4160
365238,365858,Leaping Opo,460,1.0,18810,6300,12800,3600,8400,18400,3000,15600,2700,11880,0,11565,9660,4160
365930,366462,Auto,90,1.0,18900,6300,12800,3600,8400,18400,3000,15600,2700,11880,0,11565,9660,4160
367178,368468,Dragon Kick,320,1.0,18900,6300,13120,3600,8400,18400,3000,15600,2700,11880,0,11565,9660,4160
367970,368502,Auto,90,1.0,18990,6300,13120,3600,8400,18400,3000,15600,2700,11880,0,11565,9660,4160
367798,369218,The Forbidden Chakra,168,0.4211,18990,6300,13120,3600,8400,18400,3000,15600,2700,11880,0,11733,9660,4160
369118,369738,Leaping Opo,460,1.0,18990,6300,13120,3600,8400,18860,3000,15600,2700,11880,0,11733,9660,4160
368448,369868,The Forbidden Chakra,30,0.0753,18990,6300,13120,3600,8400,18860,3000,15600,2700,11880,0,11763,9660,4160
370010,370542,Auto,90,1.0,19080,6300,13120,3600,8400,18860,3000,15600,2700,11880,0,11763,9660,4160
369738,371158,The Forbidden Chakra,295,0.7383,19080,6300,13120,3600,8400,18860,3000,15600,2700,11880,0,12058,9660,4160
371058,371458,Phantom Rush,1500,1.0,19080,6300,13120,3600,8400,18860,4500,15600,2700,11880,0,12058,9660,4160
370388,371808,The Forbidden Chakra,19,0.0487,19080,6300,13120,3600,8400,18860,4500,15600,2700,11880,0,12077,9660,4160
372050,372582,Auto,90,1.0,19170,6300,13120,3600,8400,18860,4500,15600,2700,11880,0,12077,9660,4160
373070,373602,Auto,90,1.0,19260,6300,13120,3600,8400,18860,4500,15600,2700,11880,0,12077,9660,4160
372328,373748,The Forbidden Chakra,204,0.5109,19260,6300,13120,3600,8400,18860,4500,15600,2700,11880,0,12281,9660,4160
372998,374288,Dragon Kick,320,1.0,19260,6300,13440,3600,8400,18860,4500,15600,2700,11880,0,12281,9660,4160
374090,374622,Auto,90,1.0,19350,6300,13440,3600,8400,18860,4500,15600,2700,11880,0,12281,9660,4160
373648,375068,The Forbidden Chakra,81,0.2031,19350,6300,13440,3600,8400,18860,4500,15600,2700,11880,0,12362,9660,4160
375110,375642,Auto,90,1.0,19440,6300,13440,3600,8400,18860,4500,15600,2700,11880,0,12362,9660,4160
374228,375648,The Forbidden Chakra,35,0.0889,19440,6300,13440,3600,8400,18860,4500,15600,2700,11880,0,12397,9660,4160
374938,376138,Wind's Reply,1040,1.0,19440,6300,13440,3600,8400,18860,4500,15600,2700,11880,0,12397,9660,5200
376130,376662,Auto,90,1.0,19530,6300,13440,3600,8400,18860,4500,15600,2700,11880,0,12397,9660,5200
375588,377008,The Forbidden Chakra,159,0.3981,19530,6300,13440,3600,8400,18860,4500,15600,2700,11880,0,12556,9660,5200
376168,377588,The Forbidden Chakra,96,0.2409,19530,6300,13440,3600,8400,18860,4500,15600,2700,11880,0,12652,9660,5200
377150,377682,Auto,90,1.0,19620,6300,13440,3600,8400,18860,4500,15600,2700,11880,0,12652,9660,5200
376878,378298,Fire's Reply,1400,1.0,19620,6300,13440,3600,9800,18860,4500,15600,2700,11880,0,12652,9660,5200
378170,378702,Auto,90,1.0,19710,6300,13440,3600,9800,18860,4500,15600,2700,11880,0,12652,9660,5200
377498,378918,The Forbidden Chakra,77,0.1937,19710,6300,13440,3600,9800,18860,4500,15600,2700,11880,0,12729,9660,5200
378818,379438,Leaping Opo,460,1.0,19710,6300,13440,3600,9800,19320,4500,15600,2700,11880,0,12729,9660,5200
378148,379568,The Forbidden Chakra,15,0.0391,19710,6300,13440,3600,9800,19320,4500,15600,2700,11880,0,12744,9660,5200
379190,379722,Auto,90,1.0,19800,6300,13440,3600,9800,19320,4500,15600,2700,11880,0,12744,9660,5200
380210,380742,Auto,90,1.0,19890,6300,13440,3600,9800,19320,4500,15600,2700,11880,0,12744,9660,5200
380058,381478,The Forbidden Chakra,327,0.8185,19890,6300,13440,3600,9800,19320,4500,15600,2700,11880,0,13071,9660,5200
381230,381762,Auto,90,1.0,19980,6300,13440,3600,9800,19320,4500,15600,2700,11880,0,13071,9660,5200
380758,382048,Dragon Kick,320,1.0,19980,6300,13760,3600,9800,19320,4500,15600,2700,11880,0,13071,9660,5200
382250,382782,Auto,90,1.0,20070,6300,13760,3600,9800,19320,4500,15600,2700,11880,0,13071,9660,5200
381408,382828,The Forbidden Chakra,120,0.3016,20070,6300,13760,3600,9800,19320,4500,15600,2700,11880,0,13191,9660,5200
382699,383319,Leaping Opo,460,1.0,20070,6300,13760,3600,9800,19780,4500,15600,2700,11880,0,13191,9660,5200
381988,383408,The Forbidden Chakra,16,0.0405,20070,6300,13760,3600,9800,19780,4500,15600,2700,11880,0,13207,9660,5200
383270,383802,Auto,90,1.0,20160,6300,13760,3600,9800,19780,4500,15600,2700,11880,0,13207,9660,5200
383319,384739,The Forbidden Chakra,315,0.7875,20160,6300,13760,3600,9800,19780,4500,15600,2700,11880,0,13522,9660,5200
384290,384822,Auto,90,1.0,20250,6300,13760,3600,9800,19780,4500,15600,2700,11880,0,13522,9660,5200
383969,385389,The Forbidden Chakra,5,0.013,20250,6300,13760,3600,9800,19780,4500,15600,2700,11880,0,13527,9660,5200
385310,385842,Auto,90,1.0,20340,6300,13760,3600,9800,19780,4500,15600,2700,11880,0,13527,9660,5200
384639,385929,Dragon Kick,320,1.0,20340,6300,14080,3600,9800,19780,4500,15600,2700,11880,0,13527,9660,5200
385289,386709,The Forbidden Chakra,97,0.2443,20340,6300,14080,3600,9800,19780,4500,15600,2700,11880,0,13624,9660,5200
386330,386862,Auto,90,1.0,20430,6300,14080,3600,9800,19780,4500,15600,2700,11880,0,13624,9660,5200
385869,387289,The Forbidden Chakra,32,0.0806,20430,6300,14080,3600,9800,19780,4500,15600,2700,11880,0,13656,9660,5200
387350,387882,Auto,90,1.0,20520,6300,14080,3600,9800,19780,4500,15600,2700,11880,0,13656,9660,5200
386579,387999,Elixir Burst,900,1.0,20520,6300,14080,4500,9800,19780,4500,15600,2700,11880,0,13656,9660,5200
387199,388619,The Forbidden Chakra,117,0.2946,20520,6300,14080,4500,9800,19780,4500,15600,2700,11880,0,13773,9660,5200
388370,388902,Auto,90,1.0,20610,6300,14080,4500,9800,19780,4500,15600,2700,11880,0,13773,9660,5200
388519,389139,Leaping Opo,460,1.0,20610,6300,14080,4500,9800,20240,4500,15600,2700,11880,0,13773,9660,5200
389169,390589,The Forbidden Chakra,81,0.2035,20610,6300,14080,4500,9800,20240,4500,15600,2700,11880,0,13854,9660,5200
390410,390942,Auto,90,1.0,20700,6300,14080,4500,9800,20240,4500,15600,2700,11880,0,13854,9660,5200
390459,391349,Rising Raptor,540,1.0,20700,6300,14080,4500,9800,20240,4500,15600,2700,12420,0,13854,9660,5200
391109,392529,The Forbidden Chakra,22,0.0552,20700,6300,14080,4500,9800,20240,4500,15600,2700,12420,0,13876,9660,5200
392450,392982,Auto,90,1.0,20790,6300,14080,4500,9800,20240,4500,15600,2700,12420,0,13876,9660,5200
392399,393999,Demolish,420,1.0,20790,6720,14080,4500,9800,20240,4500,15600,2700,12420,0,13876,9660,5200
393049,394469,The Forbidden Chakra,25,0.0645,20790,6720,14080,4500,9800,20240,4500,15600,2700,12420,0,13901,9660,5200
394490,395022,Auto,90,1.0,20880,6720,14080,4500,9800,20240,4500,15600,2700,12420,0,13901,9660,5200
394339,395629,Dragon Kick,320,1.0,20880,6720,14400,4500,9800,20240,4500,15600,2700,12420,0,13901,9660,5200
394989,396409,The Forbidden Chakra,21,0.0535,20880,6720,14400,4500,9800,20240,4500,15600,2700,12420,0,13922,9660,5200
396530,397062,Auto,90,1.0,20970,6720,14400,4500,9800,20240,4500,15600,2700,12420,0,13922,9660,5200
396279,397119,Twin Snakes,420,1.0,20970,6720,14400,4500,9800,20240,4500,15600,2700,12420,0,13922,10080,5200
396929,398349,The Forbidden Chakra,22,0.0551,20970,6720,14400,4500,9800,20240,4500,15600,2700,12420,0,13944,10080,5200
398570,399102,Auto,90,1.0,21060,6720,14400,4500,9800,20240,4500,15600,2700,12420,0,13944,10080,5200
398219,399239,Pouncing Coeurl,520,1.0,21060,6720,14400,4500,9800,20240,4500,16120,2700,12420,0,13944,10080,5200
398869,400289,The Forbidden Chakra,21,0.0537,21060,6720,14400,4500,9800,20240,4500,16120,2700,12420,0,13965,10080,5200
400159,400779,Leaping Opo,460,1.0,21060,6720,14400,4500,9800,20700,4500,16120,2700,12420,0,13965,10080,5200
400610,401142,Auto,90,1.0,21150,6720,14400,4500,9800,20700,4500,16120,2700,12420,0,13965,10080,5200
400779,402199,The Forbidden Chakra,73,0.1828,21150,6720,14400,4500,9800,20700,4500,16120,2700,12420,0,14038,10080,5200
402099,402989,Rising Raptor,540,1.0,21150,6720,14400,4500,9800,20700,4500,16120,2700,12960,0,14038,10080,5200
402650,403182,Auto,90,1.0,21240,6720,14400,4500,9800,20700,4500,16120,2700,12960,0,14038,10080,5200
402749,404169,The Forbidden Chakra,23,0.058,21240,6720,14400,4500,9800,20700,4500,16120,2700,12960,0,14061,10080,5200
404040,405060,Pouncing Coeurl,520,1.0,21240,6720,14400,4500,9800,20700,4500,16640,2700,12960,0,14061,10080,5200
404690,405222,Auto,90,1.0,21330,6720,14400,4500,9800,20700,4500,16640,2700,12960,0,14061,10080,5200
404690,406110,The Forbidden Chakra,22,0.0572,21330,6720,14400,4500,9800,20700,4500,16640,2700,12960,0,14083,10080,5200
406730,407262,Auto,90,1.0,21420,6720,14400,4500,9800,20700,4500,16640,2700,12960,0,14083,10080,5200
405980,407270,Dragon Kick,320,1.0,21420,6720,14720,4500,9800,20700,4500,16640,2700,12960,0,14083,10080,5200
406630,408050,The Forbidden Chakra,23,0.0576,21420,6720,14720,4500,9800,20700,4500,16640,2700,12960,0,14106,10080,5200
407920,408760,Twin Snakes,420,1.0,21420,6720,14720,4500,9800,20700,4500,16640,2700,12960,0,14106,10500,5200
408770,409302,Auto,90,1.0,21510,6720,14720,4500,9800,20700,4500,16640,2700,12960,0,14106,10500,5200
408570,409990,The Forbidden Chakra,25,0.0646,21510,6720,14720,4500,9800,20700,4500,16640,2700,12960,0,14131,10500,5200
410810,411342,Auto,90,1.0,21600,6720,14720,4500,9800,20700,4500,16640,2700,12960,0,14131,10500,5200
409860,411460,Demolish,420,1.0,21600,7140,14720,4500,9800,20700,4500,16640,2700,12960,0,14131,10500,5200
410510,411930,The Forbidden Chakra,23,0.0591,21600,7140,14720,4500,9800,20700,4500,16640,2700,12960,0,14154,10500,5200
411800,412420,Leaping Opo,460,1.0,21600,7140,14720,4500,9800,21160,4500,16640,2700,12960,0,14154,10500,5200
412850,413382,Auto,90,1.0,21690,7140,14720,4500,9800,21160,4500,16640,2700,12960,0,14154,10500,5200
412450,413870,The Forbidden Chakra,83,0.2084,21690,7140,14720,4500,9800,21160,4500,16640,2700,12960,0,14237,10500,5200
413740,414630,Rising Raptor,540,1.0,21690,7140,14720,4500,9800,21160,4500,16640,2700,13500,0,14237,10500,5200
414890,415422,Auto,90,1.0,21780,7140,14720,4500,9800,21160,4500,16640,2700,13500,0,14237,10500,5200
414390,415810,The Forbidden Chakra,22,0.0567,21780,7140,14720,4500,9800,21160,4500,16640,2700,13500,0,14259,10500,5200
415680,416700,Pouncing Coeurl,520,1.0,21780,7140,14720,4500,9800,21160,4500,17160,2700,13500,0,14259,10500,5200
416930,417462,Auto,90,1.0,21870,7140,14720,4500,9800,21160,4500,17160,2700,13500,0,14259,10500,5200
416330,417750,The Forbidden Chakra,21,0.0548,21870,7140,14720,4500,9800,21160,4500,17160,2700,13500,0,14280,10500,5200
417620,418910,Dragon Kick,320,1.0,21870,7140,15040,4500,9800,21160,4500,17160,2700,13500,0,14280,10500,5200
418970,419502,Auto,90,1.0,21960,7140,15040,4500,9800,21160,4500,17160,2700,13500,0,14280,10500,5200
418270,419690,The Forbidden Chakra,22,0.056,21960,7140,15040,4500,9800,21160,4500,17160,2700,13500,0,14302,10500,5200
419560,420400,Twin Snakes,420,1.0,21960,7140,15040,4500,9800,21160,4500,17160,2700,13500,0,14302,10920,5200
421010,421542,Auto,90,1.0,22050,7140,15040,4500,9800,21160,4500,17160,2700,13500,0,14302,10920,5200
420210,421630,The Forbidden Chakra,21,0.0547,22050,7140,15040,4500,9800,21160,4500,17160,2700,13500,0,14323,10920,5200
421500,422520,Pouncing Coeurl,520,1.0,22050,7140,15040,4500,9800,21160,4500,17680,2700,13500,0,14323,10920,5200
422150,423570,The Forbidden Chakra,21,0.0532,22050,7140,15040,4500,9800,21160,4500,17680,2700,13500,0,14344,10920,5200
423050,423582,Auto,90,1.0,22140,7140,15040,4500,9800,21160,4500,17680,2700,13500,0,14344,10920,5200
423440,424060,Leaping Opo,460,1.0,22140,7140,15040,4500,9800,21620,4500,17680,2700,13500,0,14344,10920,5200
424090,425510,The Forbidden Chakra,79,0.1976,22140,7140,15040,4500,9800,21620,4500,17680,2700,13500,0,14423,10920,5200
425090,425622,Auto,90,1.0,22230,7140,15040,4500,9800,21620,4500,17680,2700,13500,0,14423,10920,5200
425381,426271,Rising Raptor,540,1.0,22230,7140,15040,4500,9800,21620,4500,17680,2700,14040,0,14423,10920,5200
427130,427662,Auto,90,1.0,22320,7140,15040,4500,9800,21620,4500,17680,2700,14040,0,14423,10920,5200
427321,428921,Demolish,420,1.0,22320,7560,15040,4500,9800,21620,4500,17680,2700,14040,0,14423,10920,5200
427941,429361,The Forbidden Chakra,44,0.1112,22320,7560,15040,4500,9800,21620,4500,17680,2700,14040,0,14467,10920,5200
429170,429702,Auto,90,1.0,22410,7560,15040,4500,9800,21620,4500,17680,2700,14040,0,14467,10920,5200
429261,430551,Dragon Kick,320,1.0,22410,7560,15360,4500,9800,21620,4500,17680,2700,14040,0,14467,10920,5200
429911,431331,The Forbidden Chakra,22,0.0567,22410,7560,15360,4500,9800,21620,4500,17680,2700,14040,0,14489,10920,5200
431210,431742,Auto,90,1.0,22500,7560,15360,4500,9800,21620,4500,17680,2700,14040,0,14489,10920,5200
431201,432621,Fire's Reply,1400,1.0,22500,7560,15360,4500,11200,21620,4500,17680,2700,14040,0,14489,10920,5200
431851,433271,The Forbidden Chakra,23,0.0599,22500,7560,15360,4500,11200,21620,4500,17680,2700,14040,0,14512,10920,5200
433141,433761,Leaping Opo,460,1.0,22500,7560,15360,4500,11200,22080,4500,17680,2700,14040,0,14512,10920,5200
433250,433782,Auto,90,1.0,22590,7560,15360,4500,11200,22080,4500,17680,2700,14040,0,14512,10920,5200
435290,435822,Auto,90,1.0,22680,7560,15360,4500,11200,22080,4500,17680,2700,14040,0,14512,10920,5200
434411,435831,The Forbidden Chakra,80,0.2013,22680,7560,15360,4500,11200,22080,4500,17680,2700,14040,0,14592,10920,5200
435081,436371,Dragon Kick,320,1.0,22680,7560,15680,4500,11200,22080,4500,17680,2700,14040,0,14592,10920,5200
435731,437151,The Forbidden Chakra,21,0.053,22680,7560,15680,4500,11200,22080,4500,17680,2700,14040,0,14613,10920,5200
437021,437861,Twin Snakes,420,1.0,22680,7560,15680,4500,11200,22080,4500,17680,2700,14040,0,14613,11340,5200
437330,437862,Auto,90,1.0,22770,7560,15680,4500,11200,22080,4500,17680,2700,14040,0,14613,11340,5200
437671,439091,The Forbidden Chakra,21,0.0533,22770,7560,15680,4500,11200,22080,4500,17680,2700,14040,0,14634,11340,5200
439370,439902,Auto,90,1.0,22860,7560,15680,4500,11200,22080,4500,17680,2700,14040,0,14634,11340,5200
438961,439981,Pouncing Coeurl,520,1.0,22860,7560,15680,4500,11200,22080,4500,18200,2700,14040,0,14634,11340,5200
439611,441031,The Forbidden Chakra,23,0.0577,22860,7560,15680,4500,11200,22080,4500,18200,2700,14040,0,14657,11340,5200
440901,441661,Rising Phoenix,900,1.0,22860,7560,15680,4500,11200,22080,4500,18200,3600,14040,0,14657,11340,5200
441410,441942,Auto,90,1.0,22950,7560,15680,4500,11200,22080,4500,18200,3600,14040,0,14657,11340,5200
441551,442971,The Forbidden Chakra,21,0.0542,22950,7560,15680,4500,11200,22080,4500,18200,3600,14040,0,14678,11340,5200
442841,443461,Leaping Opo,460,1.0,22950,7560,15680,4500,11200,22540,4500,18200,3600,14040,0,14678,11340,5200
443450,443982,Auto,90,1.0,23040,7560,15680,4500,11200,22540,4500,18200,3600,14040,0,14678,11340,5200
443491,444911,The Forbidden Chakra,79,0.1992,23040,7560,15680,4500,11200,22540,4500,18200,3600,14040,0,14757,11340,5200
444782,445672,Rising Raptor,540,1.0,23040,7560,15680,4500,11200,22540,4500,18200,3600,14580,0,14757,11340,5200
445490,446022,Auto,90,1.0,23130,7560,15680,4500,11200,22540,4500,18200,3600,14580,0,14757,11340,5200
445432,446852,The Forbidden Chakra,22,0.0564,23130,7560,15680,4500,11200,22540,4500,18200,3600,14580,0,14779,11340,5200
446722,447742,Pouncing Coeurl,520,1.0,23130,7560,15680,4500,11200,22540,4500,18720,3600,14580,0,14779,11340,5200
447530,448062,Auto,90,1.0,23220,7560,15680,4500,11200,22540,4500,18720,3600,14580,0,14779,11340,5200
447372,448792,The Forbidden Chakra,22,0.055,23220,7560,15680,4500,11200,22540,4500,18720,3600,14580,0,14801,11340,5200
448662,449952,Dragon Kick,320,1.0,23220,7560,16000,4500,11200,22540,4500,18720,3600,14580,0,14801,11340,5200
449570,450102,Auto,90,1.0,23310,7560,16000,4500,11200,22540,4500,18720,3600,14580,0,14801,11340,5200
449312,450732,The Forbidden Chakra,23,0.0575,23310,7560,16000,4500,11200,22540,4500,18720,3600,14580,0,14824,11340,5200
450602,451442,Twin Snakes,420,1.0,23310,7560,16000,4500,11200,22540,4500,18720,3600,14580,0,14824,11760,5200
451610,452142,Auto,90,1.0,23400,7560,16000,4500,11200,22540,4500,18720,3600,14580,0,14824,11760,5200
451222,452642,The Forbidden Chakra,23,0.059,23400,7560,16000,4500,11200,22540,4500,18720,3600,14580,0,14847,11760,5200
452542,454142,Demolish,420,1.0,23400,7980,16000,4500,11200,22540,4500,18720,3600,14580,0,14847,11760,5200
453650,454182,Auto,90,1.0,23490,7980,16000,4500,11200,22540,4500,18720,3600,14580,0,14847,11760,5200
453192,454612,The Forbidden Chakra,21,0.0548,23490,7980,16000,4500,11200,22540,4500,18720,3600,14580,0,14868,11760,5200
454482,455102,Leaping Opo,460,1.0,23490,7980,16000,4500,11200,23000,4500,18720,3600,14580,0,14868,11760,5200
455690,456222,Auto,90,1.0,23580,7980,16000,4500,11200,23000,4500,18720,3600,14580,0,14868,11760,5200
455132,456552,The Forbidden Chakra,79,0.1983,23580,7980,16000,4500,11200,23000,4500,18720,3600,14580,0,14947,11760,5200
456422,457312,Rising Raptor,540,1.0,23580,7980,16000,4500,11200,23000,4500,18720,3600,15120,0,14947,11760,5200
457730,458262,Auto,90,1.0,23670,7980,16000,4500,11200,23000,4500,18720,3600,15120,0,14947,11760,5200
457072,458492,The Forbidden Chakra,22,0.0573,23670,7980,16000,4500,11200,23000,4500,18720,3600,15120,0,14969,11760,5200
458362,459382,Pouncing Coeurl,520,1.0,23670,7980,16000,4500,11200,23000,4500,19240,3600,15120,0,14969,11760,5200
459770,460302,Auto,90,1.0,23760,7980,16000,4500,11200,23000,4500,19240,3600,15120,0,14969,11760,5200
459012,460432,The Forbidden Chakra,21,0.0541,23760,7980,16000,4500,11200,23000,4500,19240,3600,15120,0,14990,11760,5200
460302,461592,Dragon Kick,320,1.0,23760,7980,16320,4500,11200,23000,4500,19240,3600,15120,0,14990,11760,5200
461810,462342,Auto,90,1.0,23850,7980,16320,4500,11200,23000,4500,19240,3600,15120,0,14990,11760,5200
460952,462372,The Forbidden Chakra,22,0.0554,23850,7980,16320,4500,11200,23000,4500,19240,3600,15120,0,15012,11760,5200
462242,463082,Twin Snakes,420,1.0,23850,7980,16320,4500,11200,23000,4500,19240,3600,15120,0,15012,12180,5200
463850,464382,Auto,90,1.0,23940,7980,16320,4500,11200,23000,4500,19240,3600,15120,0,15012,12180,5200
463512,464932,The Forbidden Chakra,23,0.059,23940,7980,16320,4500,11200,23000,4500,19240,3600,15120,0,15035,12180,5200
464182,465382,Wind's Reply,1040,1.0,23940,7980,16320,4500,11200,23000,4500,19240,3600,15120,0,15035,12180,6240
464870,465402,Auto,90,1.0,24030,7980,16320,4500,11200,23000,4500,19240,3600,15120,0,15035,12180,6240
464832,466252,The Forbidden Chakra,23,0.0582,24030,7980,16320,4500,11200,23000,4500,19240,3600,15120,0,15058,12180,6240
465890,466422,Auto,90,1.0,24120,7980,16320,4500,11200,23000,4500,19240,3600,15120,0,15058,12180,6240
466123,467143,Pouncing Coeurl,520,1.0,24120,7980,16320,4500,11200,23000,4500,19760,3600,15120,0,15058,12180,6240
466910,467442,Auto,90,1.0,24210,7980,16320,4500,11200,23000,4500,19760,3600,15120,0,15058,12180,6240
466773,468193,The Forbidden Chakra,22,0.0553,24210,7980,16320,4500,11200,23000,4500,19760,3600,15120,0,15080,12180,6240
467930,468462,Auto,90,1.0,24300,7980,16320,4500,11200,23000,4500,19760,3600,15120,0,15080,12180,6240
468063,468683,Leaping Opo,460,1.0,24300,7980,16320,4500,11200,23460,4500,19760,3600,15120,0,15080,12180,6240
468950,469482,Auto,90,1.0,24390,7980,16320,4500,11200,23460,4500,19760,3600,15120,0,15080,12180,6240
468713,470133,The Forbidden Chakra,79,0.1977,24390,7980,16320,4500,11200,23460,4500,19760,3600,15120,0,15159,12180,6240
469970,470502,Auto,90,1.0,24480,7980,16320,4500,11200,23460,4500,19760,3600,15120,0,15159,12180,6240
470003,470893,Rising Raptor,540,1.0,24480,7980,16320,4500,11200,23460,4500,19760,3600,15660,0,15159,12180,6240
470990,471522,Auto,90,1.0,24570,7980,16320,4500,11200,23460,4500,19760,3600,15660,0,15159,12180,6240
470653,472073,The Forbidden Chakra,22,0.0557,24570,7980,16320,4500,11200,23460,4500,19760,3600,15660,0,15181,12180,6240
472010,472542,Auto,90,1.0,24660,7980,16320,4500,11200,23460,4500,19760,3600,15660,0,15181,12180,6240
471943,473543,Demolish,420,1.0,24660,8400,16320,4500,11200,23460,4500,19760,3600,15660,0,15181,12180,6240
473030,473562,Auto,90,1.0,24750,8400,16320,4500,11200,23460,4500,19760,3600,15660,0,15181,12180,6240
472593,474013,The Forbidden Chakra,21,0.0535,24750,8400,16320,4500,11200,23460,4500,19760,3600,15660,0,15202,12180,6240
474050,474582,Auto,90,1.0,24840,8400,16320,4500,11200,23460,4500,19760,3600,15660,0,15202,12180,6240
473883,475173,Dragon Kick,320,1.0,24840,8400,16640,4500,11200,23460,4500,19760,3600,15660,0,15202,12180,6240
475070,475602,Auto,90,1.0,24930,8400,16640,4500,11200,23460,4500,19760,3600,15660,0,15202,12180,6240
474533,475953,The Forbidden Chakra,22,0.0563,24930,8400,16640,4500,11200,23460,4500,19760,3600,15660,0,15224,12180,6240
476090,476622,Auto,90,1.0,25020,8400,16640,4500,11200,23460,4500,19760,3600,15660,0,15224,12180,6240
475823,476663,Twin Snakes,420,1.0,25020,8400,16640,4500,11200,23460,4500,19760,3600,15660,0,15224,12600,6240
477110,477642,Auto,90,1.0,25110,8400,16640,4500,11200,23460,4500,19760,3600,15660,0,15224,12600,6240
476443,477863,The Forbidden Chakra,21,0.0532,25110,8400,16640,4500,11200,23460,4500,19760,3600,15660,0,15245,12600,6240
478130,478662,Auto,90,1.0,25200,8400,16640,4500,11200,23460,4500,19760,3600,15660,0,15245,12600,6240
477763,478783,Pouncing Coeurl,520,1.0,25200,8400,16640,4500,11200,23460,4500,20280,3600,15660,0,15245,12600,6240
479150,479682,Auto,90,1.0,25290,8400,16640,4500,11200,23460,4500,20280,3600,15660,0,15245,12600,6240
478413,479833,The Forbidden Chakra,21,0.0549,25290,8400,16640,4500,11200,23460,4500,20280,3600,15660,0,15266,12600,6240
479703,480323,Leaping Opo,460,1.0,25290,8400,16640,4500,11200,23920,4500,20280,3600,15660,0,15266,12600,6240
481190,481722,Auto,90,1.0,25380,8400,16640,4500,11200,23920,4500,20280,3600,15660,0,15266,12600,6240
480353,481773,The Forbidden Chakra,79,0.1995,25380,8400,16640,4500,11200,23920,4500,20280,3600,15660,0,15345,12600,6240
481643,482533,Rising Raptor,540,1.0,25380,8400,16640,4500,11200,23920,4500,20280,3600,16200,0,15345,12600,6240
482293,483713,The Forbidden Chakra,23,0.058,25380,8400,16640,4500,11200,23920,4500,20280,3600,16200,0,15368,12600,6240
483230,483762,Auto,90,1.0,25470,8400,16640,4500,11200,23920,4500,20280,3600,16200,0,15368,12600,6240
483583,484603,Pouncing Coeurl,520,1.0,25470,8400,16640,4500,11200,23920,4500,20800,3600,16200,0,15368,12600,6240
485270,485802,Auto,90,1.0,25560,8400,16640,4500,11200,23920,4500,20800,3600,16200,0,15368,12600,6240
484853,486273,The Forbidden Chakra,25,0.0636,25560,8400,16640,4500,11200,23920,4500,20800,3600,16200,0,15393,12600,6240
485524,486814,Dragon Kick,320,1.0,25560,8400,16960,4500,11200,23920,4500,20800,3600,16200,0,15393,12600,6240
487310,487842,Auto,90,1.0,25650,8400,16960,4500,11200,23920,4500,20800,3600,16200,0,15393,12600,6240
487464,488084,Leaping Opo,460,1.0,25650,8400,16960,4500,11200,24380,4500,20800,3600,16200,0,15393,12600,6240
488114,489534,The Forbidden Chakra,232,0.5807,25650,8400,16960,4500,11200,24380,4500,20800,3600,16200,0,15625,12600,6240
489350,489882,Auto,90,1.0,25740,8400,16960,4500,11200,24380,4500,20800,3600,16200,0,15625,12600,6240
488694,490114,The Forbidden Chakra,16,0.0424,25740,8400,16960,4500,11200,24380,4500,20800,3600,16200,0,15641,12600,6240
489404,490694,Dragon Kick,320,1.0,25740,8400,17280,4500,11200,24380,4500,20800,3600,16200,0,15641,12600,6240
490054,491474,The Forbidden Chakra,96,0.2401,25740,8400,17280,4500,11200,24380,4500,20800,3600,16200,0,15737,12600,6240
491344,491744,Phantom Rush,1500,1.0,25740,8400,17280,4500,11200,24380,6000,20800,3600,16200,0,15737,12600,6240
491390,491922,Auto,90,1.0,25830,8400,17280,4500,11200,24380,6000,20800,3600,16200,0,15737,12600,6240
490634,492054,The Forbidden Chakra,17,0.0435,25830,8400,17280,4500,11200,24380,6000,20800,3600,16200,0,15754,12600,6240
491964,493384,The Forbidden Chakra,254,0.6369,25830,8400,17280,4500,11200,24380,6000,20800,3600,16200,0,16008,12600,6240
493284,493904,Leaping Opo,460,1.0,25830,8400,17280,4500,11200,24840,6000,20800,3600,16200,0,16008,12600,6240
493430,493962,Auto,90,1.0,25920,8400,17280,4500,11200,24840,6000,20800,3600,16200,0,16008,12600,6240
492614,494034,The Forbidden Chakra,36,0.0911,25920,8400,17280,4500,11200,24840,6000,20800,3600,16200,0,16044,12600,6240
493934,495354,The Forbidden Chakra,221,0.5538,25920,8400,17280,4500,11200,24840,6000,20800,3600,16200,0,16265,12600,6240
494514,495934,The Forbidden Chakra,0,0.0006,25920,8400,17280,4500,11200,24840,6000,20800,3600,16200,0,16265,12600,6240
495470,496002,Auto,90,1.0,26010,8400,17280,4500,11200,24840,6000,20800,3600,16200,0,16265,12600,6240
495224,496644,Fire's Reply,1400,1.0,26010,8400,17280,4500,12600,24840,6000,20800,3600,16200,0,16265,12600,6240
495844,497264,The Forbidden Chakra,77,0.1938,26010,8400,17280,4500,12600,24840,6000,20800,3600,16200,0,16342,12600,6240
496494,497914,The Forbidden Chakra,16,0.0419,26010,8400,17280,4500,12600,24840,6000,20800,3600,16200,0,16358,12600,6240
497510,498042,Auto,90,1.0,26100,8400,17280,4500,12600,24840,6000,20800,3600,16200,0,16358,12600,6240
497164,498454,Dragon Kick,320,1.0,26100,8400,17600,4500,12600,24840,6000,20800,3600,16200,0,16358,12600,6240
499104,499724,Leaping Opo,460,1.0,26100,8400,17600,4500,12600,25300,6000,20800,3600,16200,0,16358,12600,6240
498434,499854,The Forbidden Chakra,222,0.5564,26100,8400,17600,4500,12600,25300,6000,20800,3600,16200,0,16580,12600,6240
499550,500082,Auto,90,1.0,26190,8400,17600,4500,12600,25300,6000,20800,3600,16200,0,16580,12600,6240
499754,501174,The Forbidden Chakra,273,0.6842,26190,8400,17600,4500,12600,25300,6000,20800,3600,16200,0,16853,12600,6240
500334,501754,The Forbidden Chakra,15,0.0379,26190,8400,17600,4500,12600,25300,6000,20800,3600,16200,0,16868,12600,6240
501590,502122,Auto,90,1.0,26280,8400,17600,4500,12600,25300,6000,20800,3600,16200,0,16868,12600,6240
501044,502334,Dragon Kick,320,1.0,26280,8400,17920,4500,12600,25300,6000,20800,3600,16200,0,16868,12600,6240
501664,503084,The Forbidden Chakra,110,0.2755,26280,8400,17920,4500,12600,25300,6000,20800,3600,16200,0,16978,12600,6240
502984,503604,Leaping Opo,460,1.0,26280,8400,17920,4500,12600,25760,6000,20800,3600,16200,0,16978,12600,6240
502314,503734,The Forbidden Chakra,32,0.0812,26280,8400,17920,4500,12600,25760,6000,20800,3600,16200,0,17010,12600,6240
503630,504162,Auto,90,1.0,26370,8400,17920,4500,12600,25760,6000,20800,3600,16200,0,17010,12600,6240
503634,505054,The Forbidden Chakra,302,0.7559,26370,8400,17920,4500,12600,25760,6000,20800,3600,16200,0,17312,12600,6240
504214,505634,The Forbidden Chakra,2,0.0059,26370,8400,17920,4500,12600,25760,6000,20800,3600,16200,0,17314,12600,6240
505670,506202,Auto,90,1.0,26460,8400,17920,4500,12600,25760,6000,20800,3600,16200,0,17314,12600,6240
504924,506344,Elixir Burst,900,1.0,26460,8400,17920,5400,12600,25760,6000,20800,3600,16200,0,17314,12600,6240
505574,506994,The Forbidden Chakra,95,0.2383,26460,8400,17920,5400,12600,25760,6000,20800,3600,16200,0,17409,12600,6240
506154,507574,The Forbidden Chakra,33,0.0825,26460,8400,17920,5400,12600,25760,6000,20800,3600,16200,0,17442,12600,6240
506865,508155,Dragon Kick,320,1.0,26460,8400,18240,5400,12600,25760,6000,20800,3600,16200,0,17442,12600,6240
507710,508242,Auto,90,1.0,26550,8400,18240,5400,12600,25760,6000,20800,3600,16200,0,17442,12600,6240
507485,508905,The Forbidden Chakra,150,0.3763,26550,8400,18240,5400,12600,25760,6000,20800,3600,16200,0,17592,12600,6240
508805,509645,Twin Snakes,420,1.0,26550,8400,18240,5400,12600,25760,6000,20800,3600,16200,0,17592,13020,6240
509750,510282,Auto,90,1.0,26640,8400,18240,5400,12600,25760,6000,20800,3600,16200,0,17592,13020,6240
509455,510875,The Forbidden Chakra,23,0.0589,26640,8400,18240,5400,12600,25760,6000,20800,3600,16200,0,17615,13020,6240
511790,512322,Auto,90,1.0,26730,8400,18240,5400,12600,25760,6000,20800,3600,16200,0,17615,13020,6240
510745,512345,Demolish,420,1.0,26730,8820,18240,5400,12600,25760,6000,20800,3600,16200,0,17615,13020,6240
511395,512815,The Forbidden Chakra,23,0.0582,26730,8820,18240,5400,12600,25760,6000,20800,3600,16200,0,17638,13020,6240
512684,513304,Leaping Opo,460,1.0,26730,8820,18240,5400,12600,26220,6000,20800,3600,16200,0,17638,13020,6240
513830,514362,Auto,90,1.0,26820,8820,18240,5400,12600,26220,6000,20800,3600,16200,0,17638,13020,6240
513334,514754,The Forbidden Chakra,78,0.1951,26820,8820,18240,5400,12600,26220,6000,20800,3600,16200,0,17716,13020,6240
514625,515515,Rising Raptor,540,1.0,26820,8820,18240,5400,12600,26220,6000,20800,3600,16740,0,17716,13020,6240
515870,516402,Auto,90,1.0,26910,8820,18240,5400,12600,26220,6000,20800,3600,16740,0,17716,13020,6240
515275,516695,The Forbidden Chakra,20,0.05,26910,8820,18240,5400,12600,26220,6000,20800,3600,16740,0,17736,13020,6240
516565,517585,Pouncing Coeurl,520,1.0,26910,8820,18240,5400,12600,26220,6000,21320,3600,16740,0,17736,13020,6240
517910,518442,Auto,90,1.0,27000,8820,18240,5400,12600,26220,6000,21320,3600,16740,0,17736,13020,6240
517215,518635,The Forbidden Chakra,19,0.0489,27000,8820,18240,5400,12600,26220,6000,21320,3600,16740,0,17755,13020,6240
518505,519795,Dragon Kick,320,1.0,27000,8820,18560,5400,12600,26220,6000,21320,3600,16740,0,17755,13020,6240
519950,520482,Auto,90,1.0,27090,8820,18560,5400,12600,26220,6000,21320,3600,16740,0,17755,13020,6240
519155,520575,The Forbidden Chakra,19,0.0488,27090,8820,18560,5400,12600,26220,6000,21320,3600,16740,0,17774,13020,6240
520445,521285,Twin Snakes,420,1.0,27090,8820,18560,5400,12600,26220,6000,21320,3600,16740,0,17774,13440,6240
521095,522515,The Forbidden Chakra,20,0.0503,27090,8820,18560,5400,12600,26220,6000,21320,3600,16740,0,17794,13440,6240
521990,522522,Auto,90,1.0,27180,8820,18560,5400,12600,26220,6000,21320,3600,16740,0,17794,13440,6240
522385,523405,Pouncing Coeurl,520,1.0,27180,8820,18560,5400,12600,26220,6000,21840,3600,16740,0,17794,13440,6240
523035,524455,The Forbidden Chakra,20,0.0523,27180,8820,18560,5400,12600,26220,6000,21840,3600,16740,0,17814,13440,6240
524030,524562,Auto,90,1.0,27270,8820,18560,5400,12600,26220,6000,21840,3600,16740,0,17814,13440,6240
524325,524945,Leaping Opo,460,1.0,27270,8820,18560,5400,12600,26680,6000,21840,3600,16740,0,17814,13440,6240
524945,526365,The Forbidden Chakra,73,0.1847,27270,8820,18560,5400,12600,26680,6000,21840,3600,16740,0,17887,13440,6240
526070,526602,Auto,90,1.0,27360,8820,18560,5400,12600,26680,6000,21840,3600,16740,0,17887,13440,6240
526265,527155,Rising Raptor,540,1.0,27360,8820,18560,5400,12600,26680,6000,21840,3600,17280,0,17887,13440,6240
526915,528335,The Forbidden Chakra,25,0.0649,27360,8820,18560,5400,12600,26680,6000,21840,3600,17280,0,17912,13440,6240
528110,528642,Auto,90,1.0,27450,8820,18560,5400,12600,26680,6000,21840,3600,17280,0,17912,13440,6240
528206,529806,Demolish,420,1.0,27450,9240,18560,5400,12600,26680,6000,21840,3600,17280,0,17912,13440,6240
528856,530276,The Forbidden Chakra,23,0.0581,27450,9240,18560,5400,12600,26680,6000,21840,3600,17280,0,17935,13440,6240
530150,530682,Auto,90,1.0,27540,9240,18560,5400,12600,26680,6000,21840,3600,17280,0,17935,13440,6240
530146,531436,Dragon Kick,320,1.0,27540,9240,18880,5400,12600,26680,6000,21840,3600,17280,0,17935,13440,6240
530796,532216,The Forbidden Chakra,24,0.0602,27540,9240,18880,5400,12600,26680,6000,21840,3600,17280,0,17959,13440,6240
532190,532722,Auto,90,1.0,27630,9240,18880,5400,12600,26680,6000,21840,3600,17280,0,17959,13440,6240
532086,532926,Twin Snakes,420,1.0,27630,9240,18880,5400,12600,26680,6000,21840,3600,17280,0,17959,13860,6240
532736,534156,The Forbidden Chakra,23,0.0591,27630,9240,18880,5400,12600,26680,6000,21840,3600,17280,0,17982,13860,6240
534230,534762,Auto,90,1.0,27720,9240,18880,5400,12600,26680,6000,21840,3600,17280,0,17982,13860,6240
534026,535046,Pouncing Coeurl,520,1.0,27720,9240,18880,5400,12600,26680,6000,22360,3600,17280,0,17982,13860,6240
534676,536096,The Forbidden Chakra,21,0.0547,27720,9240,18880,5400,12600,26680,6000,22360,3600,17280,0,18003,13860,6240
535966,536586,Leaping Opo,460,1.0,27720,9240,18880,5400,12600,27140,6000,22360,3600,17280,0,18003,13860,6240
536270,536802,Auto,90,1.0,27810,9240,18880,5400,12600,27140,6000,22360,3600,17280,0,18003,13860,6240
536616,538036,The Forbidden Chakra,83,0.2086,27810,9240,18880,5400,12600,27140,6000,22360,3600,17280,0,18086,13860,6240
537906,538796,Rising Raptor,540,1.0,27810,9240,18880,5400,12600,27140,6000,22360,3600,17820,0,18086,13860,6240
538310,538842,Auto,90,1.0,27900,9240,18880,5400,12600,27140,6000,22360,3600,17820,0,18086,13860,6240
538526,539946,The Forbidden Chakra,22,0.0558,27900,9240,18880,5400,12600,27140,6000,22360,3600,17820,0,18108,13860,6240
539846,540866,Pouncing Coeurl,520,1.0,27900,9240,18880,5400,12600,27140,6000,22880,3600,17820,0,18108,13860,6240
540350,540882,Auto,90,1.0,27990,9240,18880,5400,12600,27140,6000,22880,3600,17820,0,18108,13860,6240
540496,541916,The Forbidden Chakra,20,0.0521,27990,9240,18880,5400,12600,27140,6000,22880,3600,17820,0,18128,13860,6240
542390,542922,Auto,90,1.0,28080,9240,18880,5400,12600,27140,6000,22880,3600,17820,0,18128,13860,6240
541786,543076,Dragon Kick,320,1.0,28080,9240,19200,5400,12600,27140,6000,22880,3600,17820,0,18128,13860,6240
542436,543856,The Forbidden Chakra,21,0.0545,28080,9240,19200,5400,12600,27140,6000,22880,3600,17820,0,18149,13860,6240
543726,544566,Twin Snakes,420,1.0,28080,9240,19200,5400,12600,27140,6000,22880,3600,17820,0,18149,14280,6240
544430,544962,Auto,90,1.0,28170,9240,19200,5400,12600,27140,6000,22880,3600,17820,0,18149,14280,6240
544376,545796,The Forbidden Chakra,21,0.0549,28170,9240,19200,5400,12600,27140,6000,22880,3600,17820,0,18170,14280,6240
546470,547002,Auto,90,1.0,28260,9240,19200,5400,12600,27140,6000,22880,3600,17820,0,18170,14280,6240
545666,547266,Demolish,420,1.0,28260,9660,19200,5400,12600,27140,6000,22880,3600,17820,0,18170,14280,6240
547607,548227,Leaping Opo,460,1.0,28260,9660,19200,5400,12600,27600,6000,22880,3600,17820,0,18170,14280,6240
548510,549042,Auto,90,1.0,28350,9660,19200,5400,12600,27600,6000,22880,3600,17820,0,18170,14280,6240
548257,549677,The Forbidden Chakra,99,0.2492,28350,9660,19200,5400,12600,27600,6000,22880,3600,17820,0,18269,14280,6240
549547,550967,Fire's Reply,1400,1.0,28350,9660,19200,5400,14000,27600,6000,22880,3600,17820,0,18269,14280,6240
550550,551082,Auto,90,1.0,28440,9660,19200,5400,14000,27600,6000,22880,3600,17820,0,18269,14280,6240
550197,551617,The Forbidden Chakra,22,0.0573,28440,9660,19200,5400,14000,27600,6000,22880,3600,17820,0,18291,14280,6240
551487,552777,Dragon Kick,320,1.0,28440,9660,19520,5400,14000,27600,6000,22880,3600,17820,0,18291,14280,6240
552590,553122,Auto,90,1.0,28530,9660,19520,5400,14000,27600,6000,22880,3600,17820,0,18291,14280,6240
553427,554047,Leaping Opo,460,1.0,28530,9660,19520,5400,14000,28060,6000,22880,3600,17820,0,18291,14280,6240
552757,554177,The Forbidden Chakra,22,0.057,28530,9660,19520,5400,14000,28060,6000,22880,3600,17820,0,18313,14280,6240
554630,555162,Auto,90,1.0,28620,9660,19520,5400,14000,28060,6000,22880,3600,17820,0,18313,14280,6240
554697,556117,The Forbidden Chakra,79,0.1989,28620,9660,19520,5400,14000,28060,6000,22880,3600,17820,0,18392,14280,6240
555650,556182,Auto,90,1.0,28710,9660,19520,5400,14000,28060,6000,22880,3600,17820,0,18392,14280,6240
555367,556567,Wind's Reply,1040,1.0,28710,9660,19520,5400,14000,28060,6000,22880,3600,17820,0,18392,14280,7280
556670,557202,Auto,90,1.0,28800,9660,19520,5400,14000,28060,6000,22880,3600,17820,0,18392,14280,7280
556017,557437,The Forbidden Chakra,20,0.0519,28800,9660,19520,5400,14000,28060,6000,22880,3600,17820,0,18412,14280,7280
557307,558197,Rising Raptor,540,1.0,28800,9660,19520,5400,14000,28060,6000,22880,3600,18360,0,18412,14280,7280
557690,558222,Auto,90,1.0,28890,9660,19520,5400,14000,28060,6000,22880,3600,18360,0,18412,14280,7280
558710,559242,Auto,90,1.0,28980,9660,19520,5400,14000,28060,6000,22880,3600,18360,0,18412,14280,7280
557957,559377,The Forbidden Chakra,21,0.0538,28980,9660,19520,5400,14000,28060,6000,22880,3600,18360,0,18433,14280,7280
559730,560262,Auto,90,1.0,29070,9660,19520,5400,14000,28060,6000,22880,3600,18360,0,18433,14280,7280
559247,560267,Pouncing Coeurl,520,1.0,29070,9660,19520,5400,14000,28060,6000,23400,3600,18360,0,18433,14280,7280
560750,561282,Auto,90,1.0,29160,9660,19520,5400,14000,28060,6000,23400,3600,18360,0,18433,14280,7280
559897,561317,The Forbidden Chakra,22,0.0565,29160,9660,19520,5400,14000,28060,6000,23400,3600,18360,0,18455,14280,7280
561187,561947,Rising Phoenix,900,1.0,29160,9660,19520,5400,14000,28060,6000,23400,4500,18360,0,18455,14280,7280
561770,562302,Auto,90,1.0,29250,9660,19520,5400,14000,28060,6000,23400,4500,18360,0,18455,14280,7280
561837,563257,The Forbidden Chakra,21,0.0536,29250,9660,19520,5400,14000,28060,6000,23400,4500,18360,0,18476,14280,7280
562790,563322,Auto,90,1.0,29340,9660,19520,5400,14000,28060,6000,23400,4500,18360,0,18476,14280,7280
563810,564342,Auto,90,1.0,29430,9660,19520,5400,14000,28060,6000,23400,4500,18360,0,18476,14280,7280
563127,564417,Dragon Kick,320,1.0,29430,9660,19840,5400,14000,28060,6000,23400,4500,18360,0,18476,14280,7280
563777,565197,The Forbidden Chakra,21,0.0538,29430,9660,19840,5400,14000,28060,6000,23400,4500,18360,0,18497,14280,7280
564830,565362,Auto,90,1.0,29520,9660,19840,5400,14000,28060,6000,23400,4500,18360,0,18497,14280,7280
565067,565907,Twin Snakes,420,1.0,29520,9660,19840,5400,14000,28060,6000,23400,4500,18360,0,18497,14700,7280
565850,566382,Auto,90,1.0,29610,9660,19840,5400,14000,28060,6000,23400,4500,18360,0,18497,14700,7280
565717,567137,The Forbidden Chakra,21,0.0534,29610,9660,19840,5400,14000,28060,6000,23400,4500,18360,0,18518,14700,7280
566870,567402,Auto,90,1.0,29700,9660,19840,5400,14000,28060,6000,23400,4500,18360,0,18518,14700,7280
567007,568027,Pouncing Coeurl,520,1.0,29700,9660,19840,5400,14000,28060,6000,23920,4500,18360,0,18518,14700,7280
567890,568422,Auto,90,1.0,29790,9660,19840,5400,14000,28060,6000,23920,4500,18360,0,18518,14700,7280
567657,569077,The Forbidden Chakra,21,0.0529,29790,9660,19840,5400,14000,28060,6000,23920,4500,18360,0,18539,14700,7280
568910,569442,Auto,90,1.0,29880,9660,19840,5400,14000,28060,6000,23920,4500,18360,0,18539,14700,7280
568948,569568,Leaping Opo,460,1.0,29880,9660,19840,5400,14000,28520,6000,23920,4500,18360,0,18539,14700,7280
569930,570462,Auto,90,1.0,29970,9660,19840,5400,14000,28520,6000,23920,4500,18360,0,18539,14700,7280
569598,571018,The Forbidden Chakra,80,0.2017,29970,9660,19840,5400,14000,28520,6000,23920,4500,18360,0,18619,14700,7280
570888,571778,Rising Raptor,540,1.0,29970,9660,19840,5400,14000,28520,6000,23920,4500,18900,0,18619,14700,7280
571970,572502,Auto,90,1.0,30060,9660,19840,5400,14000,28520,6000,23920,4500,18900,0,18619,14700,7280
571538,572958,The Forbidden Chakra,24,0.0613,30060,9660,19840,5400,14000,28520,6000,23920,4500,18900,0,18643,14700,7280
572828,574428,Demolish,420,1.0,30060,10080,19840,5400,14000,28520,6000,23920,4500,18900,0,18643,14700,7280
574010,574542,Auto,90,1.0,30150,10080,19840,5400,14000,28520,6000,23920,4500,18900,0,18643,14700,7280
573478,574898,The Forbidden Chakra,21,0.0533,30150,10080,19840,5400,14000,28520,6000,23920,4500,18900,0,18664,14700,7280
574768,576058,Dragon Kick,320,1.0,30150,10080,20160,5400,14000,28520,6000,23920,4500,18900,0,18664,14700,7280
576050,576582,Auto,90,1.0,30240,10080,20160,5400,14000,28520,6000,23920,4500,18900,0,18664,14700,7280
575388,576808,The Forbidden Chakra,22,0.0554,30240,10080,20160,5400,14000,28520,6000,23920,4500,18900,0,18686,14700,7280
576708,577548,Twin Snakes,420,1.0,30240,10080,20160,5400,14000,28520,6000,23920,4500,18900,0,18686,15120,7280
578090,578622,Auto,90,1.0,30330,10080,20160,5400,14000,28520,6000,23920,4500,18900,0,18686,15120,7280
577358,578778,The Forbidden Chakra,19,0.0492,30330,10080,20160,5400,14000,28520,6000,23920,4500,18900,0,18705,15120,7280
578648,579668,Pouncing Coeurl,520,1.0,30330,10080,20160,5400,14000,28520,6000,24440,4500,18900,0,18705,15120,7280
580130,580662,Auto,90,1.0,30420,10080,20160,5400,14000,28520,6000,24440,4500,18900,0,18705,15120,7280
579298,580718,The Forbidden Chakra,22,0.0573,30420,10080,20160,5400,14000,28520,6000,24440,4500,18900,0,18727,15120,7280
580588,581208,Leaping Opo,460,1.0,30420,10080,20160,5400,14000,28980,6000,24440,4500,18900,0,18727,15120,7280
581238,582658,The Forbidden Chakra,79,0.1994,30420,10080,20160,5400,14000,28980,6000,24440,4500,18900,0,18806,15120,7280
582170,582702,Auto,90,1.0,30510,10080,20160,5400,14000,28980,6000,24440,4500,18900,0,18806,15120,7280
582528,583418,Rising Raptor,540,1.0,30510,10080,20160,5400,14000,28980,6000,24440,4500,19440,0,18806,15120,7280
583178,584598,The Forbidden Chakra,23,0.0588,30510,10080,20160,5400,14000,28980,6000,24440,4500,19440,0,18829,15120,7280
584210,584742,Auto,90,1.0,30600,10080,20160,5400,14000,28980,6000,24440,4500,19440,0,18829,15120,7280
584468,585488,Pouncing Coeurl,520,1.0,30600,10080,20160,5400,14000,28980,6000,24960,4500,19440,0,18829,15120,7280
585118,586538,The Forbidden Chakra,21,0.053,30600,10080,20160,5400,14000,28980,6000,24960,4500,19440,0,18850,15120,7280
586250,586782,Auto,90,1.0,30690,10080,20160,5400,14000,28980,6000,24960,4500,19440,0,18850,15120,7280
586408,587698,Dragon Kick,320,1.0,30690,10080,20480,5400,14000,28980,6000,24960,4500,19440,0,18850,15120,7280
587058,588478,The Forbidden Chakra,22,0.0552,30690,10080,20480,5400,14000,28980,6000,24960,4500,19440,0,18872,15120,7280
588290,588822,Auto,90,1.0,30780,10080,20480,5400,14000,28980,6000,24960,4500,19440,0,18872,15120,7280
588348,589188,Twin Snakes,420,1.0,30780,10080,20480,5400,14000,28980,6000,24960,4500,19440,0,18872,15540,7280
588998,590418,The Forbidden Chakra,24,0.0617,30780,10080,20480,5400,14000,28980,6000,24960,4500,19440,0,18896,15540,7280
590330,590862,Auto,90,1.0,30870,10080,20480,5400,14000,28980,6000,24960,4500,19440,0,18896,15540,7280
590289,591889,Demolish,420,1.0,30870,10500,20480,5400,14000,28980,6000,24960,4500,19440,0,18896,15540,7280
590939,592359,The Forbidden Chakra,21,0.0538,30870,10500,20480,5400,14000,28980,6000,24960,4500,19440,0,18917,15540,7280
592229,592849,Leaping Opo,460,1.0,30870,10500,20480,5400,14000,29440,6000,24960,4500,19440,0,18917,15540,7280
592370,592902,Auto,90,1.0,30960,10500,20480,5400,14000,29440,6000,24960,4500,19440,0,18917,15540,7280
592879,594299,The Forbidden Chakra,80,0.2018,30960,10500,20480,5400,14000,29440,6000,24960,4500,19440,0,18997,15540,7280
594410,594942,Auto,90,1.0,31050,10500,20480,5400,14000,29440,6000,24960,4500,19440,0,18997,15540,7280
594169,595059,Rising Raptor,540,1.0,31050,10500,20480,5400,14000,29440,6000,24960,4500,19980,0,18997,15540,7280
594819,596239,The Forbidden Chakra,22,0.0554,31050,10500,20480,5400,14000,29440,6000,24960,4500,19980,0,19019,15540,7280
596450,596982,Auto,90,1.0,31140,10500,20480,5400,14000,29440,6000,24960,4500,19980,0,19019,15540,7280
596109,597129,Pouncing Coeurl,520,1.0,31140,10500,20480,5400,14000,29440,6000,25480,4500,19980,0,19019,15540,7280
596759,598179,The Forbidden Chakra,22,0.057,31140,10500,20480,5400,14000,29440,6000,25480,4500,19980,0,19041,15540,7280
598490,599022,Auto,90,1.0,31230,10500,20480,5400,14000,29440,6000,25480,4500,19980,0,19041,15540,7280
598049,599339,Dragon Kick,320,1.0,31230,10500,20800,5400,14000,29440,6000,25480,4500,19980,0,19041,15540,7280
598699,600119,The Forbidden Chakra,21,0.0533,31230,10500,20800,5400,14000,29440,6000,25480,4500,19980,0,19062,15540,7280
599989,600829,Twin Snakes,420,1.0,31230,10500,20800,5400,14000,29440,6000,25480,4500,19980,0,19062,15960,7280
600530,601062,Auto,90,1.0,31320,10500,20800,5400,14000,29440,6000,25480,4500,19980,0,19062,15960,7280
600639,602059,The Forbidden Chakra,22,0.0561,31320,10500,20800,5400,14000,29440,6000,25480,4500,19980,0,19084,15960,7280
601929,602949,Pouncing Coeurl,520,1.0,31320,10500,20800,5400,14000,29440,6000,26000,4500,19980,0,19084,15960,7280
602570,603102,Auto,90,1.0,31410,10500,20800,5400,14000,29440,6000,26000,4500,19980,0,19084,15960,7280
602579,603999,The Forbidden Chakra,25,0.0631,31410,10500,20800,5400,14000,29440,6000,26000,4500,19980,0,19109,15960,7280
603869,604489,Leaping Opo,460,1.0,31410,10500,20800,5400,14000,29900,6000,26000,4500,19980,0,19109,15960,7280
604610,605142,Auto,90,1.0,31500,10500,20800,5400,14000,29900,6000,26000,4500,19980,0,19109,15960,7280
605139,606559,The Forbidden Chakra,79,0.1988,31500,10500,20800,5400,14000,29900,6000,26000,4500,19980,0,19188,15960,7280
605809,607099,Dragon Kick,320,1.0,31500,10500,21120,5400,14000,29900,6000,26000,4500,19980,0,19188,15960,7280
606650,607182,Auto,90,1.0,31590,10500,21120,5400,14000,29900,6000,26000,4500,19980,0,19188,15960,7280
607749,608369,Leaping Opo,460,1.0,31590,10500,21120,5400,14000,30360,6000,26000,4500,19980,0,19188,15960,7280
608690,609222,Auto,90,1.0,31680,10500,21120,5400,14000,30360,6000,26000,4500,19980,0,19188,15960,7280
608369,609789,The Forbidden Chakra,199,0.4978,31680,10500,21120,5400,14000,30360,6000,26000,4500,19980,0,19387,15960,7280
609019,610439,The Forbidden Chakra,32,0.0813,31680,10500,21120,5400,14000,30360,6000,26000,4500,19980,0,19419,15960,7280
609690,610980,Dragon Kick,320,1.0,31680,10500,21440,5400,14000,30360,6000,26000,4500,19980,0,19419,15960,7280
610730,611262,Auto,90,1.0,31770,10500,21440,5400,14000,30360,6000,26000,4500,19980,0,19419,15960,7280
610340,611760,The Forbidden Chakra,94,0.237,31770,10500,21440,5400,14000,30360,6000,26000,4500,19980,0,19513,15960,7280
611630,612030,Phantom Rush,1500,1.0,31770,10500,21440,5400,14000,30360,7500,26000,4500,19980,0,19513,15960,7280
610920,612340,The Forbidden Chakra,31,0.0782,31770,10500,21440,5400,14000,30360,7500,26000,4500,19980,0,19544,15960,7280
612770,613302,Auto,90,1.0,31860,10500,21440,5400,14000,30360,7500,26000,4500,19980,0,19544,15960,7280
612250,613670,The Forbidden Chakra,255,0.6398,31860,10500,21440,5400,14000,30360,7500,26000,4500,19980,0,19799,15960,7280
613570,614190,Leaping Opo,460,1.0,31860,10500,21440,5400,14000,30820,7500,26000,4500,19980,0,19799,15960,7280
612900,614320,The Forbidden Chakra,0,0.0024,31860,10500,21440,5400,14000,30820,7500,26000,4500,19980,0,19799,15960,7280
614810,615342,Auto,90,1.0,31950,10500,21440,5400,14000,30820,7500,26000,4500,19980,0,19799,15960,7280
614220,615640,The Forbidden Chakra,240,0.601,31950,10500,21440,5400,14000,30820,7500,26000,4500,19980,0,20039,15960,7280
614800,616220,The Forbidden Chakra,15,0.0395,31950,10500,21440,5400,14000,30820,7500,26000,4500,19980,0,20054,15960,7280
615510,616930,Fire's Reply,1400,1.0,31950,10500,21440,5400,15400,30820,7500,26000,4500,19980,0,20054,15960,7280
616850,617382,Auto,90,1.0,32040,10500,21440,5400,15400,30820,7500,26000,4500,19980,0,20054,15960,7280
616130,617550,The Forbidden Chakra,76,0.192,32040,10500,21440,5400,15400,30820,7500,26000,4500,19980,0,20130,15960,7280
616780,618200,The Forbidden Chakra,16,0.0412,32040,10500,21440,5400,15400,30820,7500,26000,4500,19980,0,20146,15960,7280
617450,618740,Dragon Kick,320,1.0,32040,10500,21760,5400,15400,30820,7500,26000,4500,19980,0,20146,15960,7280
618890,619422,Auto,90,1.0,32130,10500,21760,5400,15400,30820,7500,26000,4500,19980,0,20146,15960,7280
619390,620010,Leaping Opo,460,1.0,32130,10500,21760,5400,15400,31280,7500,26000,4500,19980,0,20146,15960,7280
618720,620140,The Forbidden Chakra,208,0.5221,32130,10500,21760,5400,15400,31280,7500,26000,4500,19980,0,20354,15960,7280
620040,621460,The Forbidden Chakra,274,0.6867,32130,10500,21760,5400,15400,31280,7500,26000,4500,19980,0,20628,15960,7280
620930,621462,Auto,90,1.0,32220,10500,21760,5400,15400,31280,7500,26000,4500,19980,0,20628,15960,7280
620620,622040,The Forbidden Chakra,31,0.0794,32220,10500,21760,5400,15400,31280,7500,26000,4500,19980,0,20659,15960,7280
621330,622620,Dragon Kick,320,1.0,32220,10500,22080,5400,15400,31280,7500,26000,4500,19980,0,20659,15960,7280
621950,623370,The Forbidden Chakra,95,0.2388,32220,10500,22080,5400,15400,31280,7500,26000,4500,19980,0,20754,15960,7280
622970,623502,Auto,90,1.0,32310,10500,22080,5400,15400,31280,7500,26000,4500,19980,0,20754,15960,7280
623270,623890,Leaping Opo,460,1.0,32310,10500,22080,5400,15400,31740,7500,26000,4500,19980,0,20754,15960,7280
622600,624020,The Forbidden Chakra,15,0.0396,32310,10500,22080,5400,15400,31740,7500,26000,4500,19980,0,20769,15960,7280
623920,625340,The Forbidden Chakra,314,0.7854,32310,10500,22080,5400,15400,31740,7500,26000,4500,19980,0,21083,15960,7280
625010,625542,Auto,90,1.0,32400,10500,22080,5400,15400,31740,7500,26000,4500,19980,0,21083,15960,7280
624500,625920,The Forbidden Chakra,20,0.0514,32400,10500,22080,5400,15400,31740,7500,26000,4500,19980,0,21103,15960,7280
625210,626630,Elixir Burst,900,1.0,32400,10500,22080,6300,15400,31740,7500,26000,4500,19980,0,21103,15960,7280
625830,627250,The Forbidden Chakra,113,0.2843,32400,10500,22080,6300,15400,31740,7500,26000,4500,19980,0,21216,15960,7280
627050,627582,Auto,90,1.0,32490,10500,22080,6300,15400,31740,7500,26000,4500,19980,0,21216,15960,7280
626480,627900,The Forbidden Chakra,15,0.0398,32490,10500,22080,6300,15400,31740,7500,26000,4500,19980,0,21231,15960,7280
627150,628440,Dragon Kick,320,1.0,32490,10500,22400,6300,15400,31740,7500,26000,4500,19980,0,21231,15960,7280
627770,629190,The Forbidden Chakra,121,0.3031,32490,10500,22400,6300,15400,31740,7500,26000,4500,19980,0,21352,15960,7280
629090,629622,Auto,90,1.0,32580,10500,22400,6300,15400,31740,7500,26000,4500,19980,0,21352,15960,7280
629090,629980,Rising Raptor,540,1.0,32580,10500,22400,6300,15400,31740,7500,26000,4500,20520,0,21352,15960,7280
629740,631160,The Forbidden Chakra,23,0.0586,32580,10500,22400,6300,15400,31740,7500,26000,4500,20520,0,21375,15960,7280
631130,631662,Auto,90,1.0,32670,10500,22400,6300,15400,31740,7500,26000,4500,20520,0,21375,15960,7280
631031,632631,Demolish,420,1.0,32670,10920,22400,6300,15400,31740,7500,26000,4500,20520,0,21375,15960,7280
631681,633101,The Forbidden Chakra,22,0.057,32670,10920,22400,6300,15400,31740,7500,26000,4500,20520,0,21397,15960,7280
632971,633591,Leaping Opo,460,1.0,32670,10920,22400,6300,15400,32200,7500,26000,4500,20520,0,21397,15960,7280
633170,633702,Auto,90,1.0,32760,10920,22400,6300,15400,32200,7500,26000,4500,20520,0,21397,15960,7280
633621,635041,The Forbidden Chakra,79,0.1979,32760,10920,22400,6300,15400,32200,7500,26000,4500,20520,0,21476,15960,7280
635210,635742,Auto,90,1.0,32850,10920,22400,6300,15400,32200,7500,26000,4500,20520,0,21476,15960,7280
634911,635751,Twin Snakes,420,1.0,32850,10920,22400,6300,15400,32200,7500,26000,4500,20520,0,21476,16380,7280
635561,636981,The Forbidden Chakra,25,0.0631,32850,10920,22400,6300,15400,32200,7500,26000,4500,20520,0,21501,16380,7280
637250,637782,Auto,90,1.0,32940,10920,22400,6300,15400,32200,7500,26000,4500,20520,0,21501,16380,7280
636851,637871,Pouncing Coeurl,520,1.0,32940,10920,22400,6300,15400,32200,7500,26520,4500,20520,0,21501,16380,7280
637501,638921,The Forbidden Chakra,21,0.0539,32940,10920,22400,6300,15400,32200,7500,26520,4500,20520,0,21522,16380,7280
639290,639822,Auto,90,1.0,33030,10920,22400,6300,15400,32200,7500,26520,4500,20520,0,21522,16380,7280
638791,640081,Dragon Kick,320,1.0,33030,10920,22720,6300,15400,32200,7500,26520,4500,20520,0,21522,16380,7280
639441,640861,The Forbidden Chakra,21,0.0541,33030,10920,22720,6300,15400,32200,7500,26520,4500,20520,0,21543,16380,7280
640731,641621,Rising Raptor,540,1.0,33030,10920,22720,6300,15400,32200,7500,26520,4500,21060,0,21543,16380,7280
641330,641862,Auto,90,1.0,33120,10920,22720,6300,15400,32200,7500,26520,4500,21060,0,21543,16380,7280
641381,642801,The Forbidden Chakra,21,0.0539,33120,10920,22720,6300,15400,32200,7500,26520,4500,21060,0,21564,16380,7280
642671,643691,Pouncing Coeurl,520,1.0,33120,10920,22720,6300,15400,32200,7500,27040,4500,21060,0,21564,16380,7280
643370,643902,Auto,90,1.0,33210,10920,22720,6300,15400,32200,7500,27040,4500,21060,0,21564,16380,7280
643321,644741,The Forbidden Chakra,21,0.0529,33210,10920,22720,6300,15400,32200,7500,27040,4500,21060,0,21585,16380,7280
644611,645231,Leaping Opo,460,1.0,33210,10920,22720,6300,15400,32660,7500,27040,4500,21060,0,21585,16380,7280
645410,645942,Auto,90,1.0,33300,10920,22720,6300,15400,32660,7500,27040,4500,21060,0,21585,16380,7280
646430,646962,Auto,90,1.0,33390,10920,22720,6300,15400,32660,7500,27040,4500,21060,0,21585,16380,7280
645881,647301,The Forbidden Chakra,76,0.1903,33390,10920,22720,6300,15400,32660,7500,27040,4500,21060,0,21661,16380,7280
646551,647751,Wind's Reply,1040,1.0,33390,10920,22720,6300,15400,32660,7500,27040,4500,21060,0,21661,16380,8320
647450,647982,Auto,90,1.0,33480,10920,22720,6300,15400,32660,7500,27040,4500,21060,0,21661,16380,8320
647201,648621,The Forbidden Chakra,23,0.0595,33480,10920,22720,6300,15400,32660,7500,27040,4500,21060,0,21684,16380,8320
648470,649002,Auto,90,1.0,33570,10920,22720,6300,15400,32660,7500,27040,4500,21060,0,21684,16380,8320
648491,649331,Twin Snakes,420,1.0,33570,10920,22720,6300,15400,32660,7500,27040,4500,21060,0,21684,16800,8320
649490,650022,Auto,90,1.0,33660,10920,22720,6300,15400,32660,7500,27040,4500,21060,0,21684,16800,8320
649141,650561,The Forbidden Chakra,23,0.0575,33660,10920,22720,6300,15400,32660,7500,27040,4500,21060,0,21707,16800,8320
650510,651042,Auto,90,1.0,33750,10920,22720,6300,15400,32660,7500,27040,4500,21060,0,21707,16800,8320
650431,652031,Demolish,420,1.0,33750,11340,22720,6300,15400,32660,7500,27040,4500,21060,0,21707,16800,8320
651530,652062,Auto,90,1.0,33840,11340,22720,6300,15400,32660,7500,27040,4500,21060,0,21707,16800,8320
651081,652501,The Forbidden Chakra,23,0.058,33840,11340,22720,6300,15400,32660,7500,27040,4500,21060,0,21730,16800,8320
652550,653082,Auto,90,1.0,33930,11340,22720,6300,15400,32660,7500,27040,4500,21060,0,21730,16800,8320
652372,653662,Dragon Kick,320,1.0,33930,11340,23040,6300,15400,32660,7500,27040,4500,21060,0,21730,16800,8320
653570,654102,Auto,90,1.0,34020,11340,23040,6300,15400,32660,7500,27040,4500,21060,0,21730,16800,8320
653022,654442,The Forbidden Chakra,22,0.0568,34020,11340,23040,6300,15400,32660,7500,27040,4500,21060,0,21752,16800,8320
654590,655122,Auto,90,1.0,34110,11340,23040,6300,15400,32660,7500,27040,4500,21060,0,21752,16800,8320
654312,655202,Rising Raptor,540,1.0,34110,11340,23040,6300,15400,32660,7500,27040,4500,21600,0,21752,16800,8320
655610,656142,Auto,90,1.0,34200,11340,23040,6300,15400,32660,7500,27040,4500,21600,0,21752,16800,8320
654962,656382,The Forbidden Chakra,23,0.0599,34200,11340,23040,6300,15400,32660,7500,27040,4500,21600,0,21775,16800,8320
656630,657162,Auto,90,1.0,34290,11340,23040,6300,15400,32660,7500,27040,4500,21600,0,21775,16800,8320
656252,657272,Pouncing Coeurl,520,1.0,34290,11340,23040,6300,15400,32660,7500,27560,4500,21600,0,21775,16800,8320
657650,658182,Auto,90,1.0,34380,11340,23040,6300,15400,32660,7500,27560,4500,21600,0,21775,16800,8320
656902,658322,The Forbidden Chakra,21,0.0546,34380,11340,23040,6300,15400,32660,7500,27560,4500,21600,0,21796,16800,8320
658192,658812,Leaping Opo,460,1.0,34380,11340,23040,6300,15400,33120,7500,27560,4500,21600,0,21796,16800,8320
658670,659202,Auto,90,1.0,34470,11340,23040,6300,15400,33120,7500,27560,4500,21600,0,21796,16800,8320
659690,660222,Auto,90,1.0,34560,11340,23040,6300,15400,33120,7500,27560,4500,21600,0,21796,16800,8320
658842,660262,The Forbidden Chakra,82,0.2062,34560,11340,23040,6300,15400,33120,7500,27560,4500,21600,0,21878,16800,8320
660132,660972,Twin Snakes,420,1.0,34560,11340,23040,6300,15400,33120,7500,27560,4500,21600,0,21878,17220,8320
660710,661242,Auto,90,1.0,34650,11340,23040,6300,15400,33120,7500,27560,4500,21600,0,21878,17220,8320
660782,662202,The Forbidden Chakra,22,0.0559,34650,11340,23040,6300,15400,33120,7500,27560,4500,21600,0,21900,17220,8320
661730,662262,Auto,90,1.0,34740,11340,23040,6300,15400,33120,7500,27560,4500,21600,0,21900,17220,8320
662072,663092,Pouncing Coeurl,520,1.0,34740,11340,23040,6300,15400,33120,7500,28080,4500,21600,0,21900,17220,8320
662722,664142,The Forbidden Chakra,21,0.0525,34740,11340,23040,6300,15400,33120,7500,28080,4500,21600,0,21921,17220,8320
663770,664302,Auto,90,1.0,34830,11340,23040,6300,15400,33120,7500,28080,4500,21600,0,21921,17220,8320
664012,665302,Dragon Kick,320,1.0,34830,11340,23360,6300,15400,33120,7500,28080,4500,21600,0,21921,17220,8320
664632,666052,The Forbidden Chakra,22,0.0561,34830,11340,23360,6300,15400,33120,7500,28080,4500,21600,0,21943,17220,8320
665810,666342,Auto,90,1.0,34920,11340,23360,6300,15400,33120,7500,28080,4500,21600,0,21943,17220,8320
665952,666842,Rising Raptor,540,1.0,34920,11340,23360,6300,15400,33120,7500,28080,4500,22140,0,21943,17220,8320
667850,668382,Auto,90,1.0,35010,11340,23360,6300,15400,33120,7500,28080,4500,22140,0,21943,17220,8320
667892,669492,Demolish,420,1.0,35010,11760,23360,6300,15400,33120,7500,28080,4500,22140,0,21943,17220,8320
668542,669962,The Forbidden Chakra,44,0.1109,35010,11760,23360,6300,15400,33120,7500,28080,4500,22140,0,21987,17220,8320
669890,670422,Auto,90,1.0,35100,11760,23360,6300,15400,33120,7500,28080,4500,22140,0,21987,17220,8320
669832,670452,Leaping Opo,460,1.0,35100,11760,23360,6300,15400,33580,7500,28080,4500,22140,0,21987,17220,8320
670482,671902,The Forbidden Chakra,79,0.1982,35100,11760,23360,6300,15400,33580,7500,28080,4500,22140,0,22066,17220,8320
671930,672462,Auto,90,1.0,35190,11760,23360,6300,15400,33580,7500,28080,4500,22140,0,22066,17220,8320
671773,673193,Fire's Reply,1400,1.0,35190,11760,23360,6300,16800,33580,7500,28080,4500,22140,0,22066,17220,8320
672423,673843,The Forbidden Chakra,22,0.0565,35190,11760,23360,6300,16800,33580,7500,28080,4500,22140,0,22088,17220,8320
673970,674502,Auto,90,1.0,35280,11760,23360,6300,16800,33580,7500,28080,4500,22140,0,22088,17220,8320
673713,675003,Dragon Kick,320,1.0,35280,11760,23680,6300,16800,33580,7500,28080,4500,22140,0,22088,17220,8320
675653,676273,Leaping Opo,460,1.0,35280,11760,23680,6300,16800,34040,7500,28080,4500,22140,0,22088,17220,8320
674983,676403,The Forbidden Chakra,20,0.0522,35280,11760,23680,6300,16800,34040,7500,28080,4500,22140,0,22108,17220,8320
676010,676542,Auto,90,1.0,35370,11760,23680,6300,16800,34040,7500,28080,4500,22140,0,22108,17220,8320
676303,677723,The Forbidden Chakra,79,0.1995,35370,11760,23680,6300,16800,34040,7500,28080,4500,22140,0,22187,17220,8320
677593,678433,Twin Snakes,420,1.0,35370,11760,23680,6300,16800,34040,7500,28080,4500,22140,0,22187,17640,8320
678050,678582,Auto,90,1.0,35460,11760,23680,6300,16800,34040,7500,28080,4500,22140,0,22187,17640,8320
678243,679663,The Forbidden Chakra,20,0.0524,35460,11760,23680,6300,16800,34040,7500,28080,4500,22140,0,22207,17640,8320
679533,680553,Pouncing Coeurl,520,1.0,35460,11760,23680,6300,16800,34040,7500,28600,4500,22140,0,22207,17640,8320
680090,680622,Auto,90,1.0,35550,11760,23680,6300,16800,34040,7500,28600,4500,22140,0,22207,17640,8320
680183,681603,The Forbidden Chakra,22,0.0559,35550,11760,23680,6300,16800,34040,7500,28600,4500,22140,0,22229,17640,8320
681473,682233,Rising Phoenix,900,1.0,35550,11760,23680,6300,16800,34040,7500,28600,5400,22140,0,22229,17640,8320
682130,682662,Auto,90,1.0,35640,11760,23680,6300,16800,34040,7500,28600,5400,22140,0,22229,17640,8320
682093,683513,The Forbidden Chakra,22,0.0564,35640,11760,23680,6300,16800,34040,7500,28600,5400,22140,0,22251,17640,8320
684170,684702,Auto,90,1.0,35730,11760,23680,6300,16800,34040,7500,28600,5400,22140,0,22251,17640,8320
683413,684703,Dragon Kick,320,1.0,35730,11760,24000,6300,16800,34040,7500,28600,5400,22140,0,22251,17640,8320
684063,685483,The Forbidden Chakra,22,0.0567,35730,11760,24000,6300,16800,34040,7500,28600,5400,22140,0,22273,17640,8320
685353,686243,Rising Raptor,540,1.0,35730,11760,24000,6300,16800,34040,7500,28600,5400,22680,0,22273,17640,8320
686210,686742,Auto,90,1.0,35820,11760,24000,6300,16800,34040,7500,28600,5400,22680,0,22273,17640,8320
686003,687423,The Forbidden Chakra,22,0.0567,35820,11760,24000,6300,16800,34040,7500,28600,5400,22680,0,22295,17640,8320
687293,688313,Pouncing Coeurl,520,1.0,35820,11760,24000,6300,16800,34040,7500,29120,5400,22680,0,22295,17640,8320
688250,688782,Auto,90,1.0,35910,11760,24000,6300,16800,34040,7500,29120,5400,22680,0,22295,17640,8320
687943,689363,The Forbidden Chakra,22,0.0566,35910,11760,24000,6300,16800,34040,7500,29120,5400,22680,0,22317,17640,8320
689233,689853,Leaping Opo,460,1.0,35910,11760,24000,6300,16800,34500,7500,29120,5400,22680,0,22317,17640,8320
690290,690822,Auto,90,1.0,36000,11760,24000,6300,16800,34500,7500,29120,5400,22680,0,22317,17640,8320
689883,691303,The Forbidden Chakra,79,0.198,36000,11760,24000,6300,16800,34500,7500,29120,5400,22680,0,22396,17640,8320
691173,692013,Twin Snakes,420,1.0,36000,11760,24000,6300,16800,34500,7500,29120,5400,22680,0,22396,18060,8320
692330,692862,Auto,90,1.0,36090,11760,24000,6300,16800,34500,7500,29120,5400,22680,0,22396,18060,8320
691823,693243,The Forbidden Chakra,23,0.0588,36090,11760,24000,6300,16800,34500,7500,29120,5400,22680,0,22419,18060,8320
693114,694714,Demolish,420,1.0,36090,12180,24000,6300,16800,34500,7500,29120,5400,22680,0,22419,18060,8320
694370,694902,Auto,90,1.0,36180,12180,24000,6300,16800,34500,7500,29120,5400,22680,0,22419,18060,8320
693764,695184,The Forbidden Chakra,21,0.0539,36180,12180,24000,6300,16800,34500,7500,29120,5400,22680,0,22440,18060,8320
695054,696344,Dragon Kick,320,1.0,36180,12180,24320,6300,16800,34500,7500,29120,5400,22680,0,22440,18060,8320
696410,696942,Auto,90,1.0,36270,12180,24320,6300,16800,34500,7500,29120,5400,22680,0,22440,18060,8320
695704,697124,The Forbidden Chakra,22,0.056,36270,12180,24320,6300,16800,34500,7500,29120,5400,22680,0,22462,18060,8320
696994,697884,Rising Raptor,540,1.0,36270,12180,24320,6300,16800,34500,7500,29120,5400,23220,0,22462,18060,8320
698450,698982,Auto,90,1.0,36360,12180,24320,6300,16800,34500,7500,29120,5400,23220,0,22462,18060,8320
697614,699034,The Forbidden Chakra,21,0.0549,36360,12180,24320,6300,16800,34500,7500,29120,5400,23220,0,22483,18060,8320
698934,699954,Pouncing Coeurl,520,1.0,36360,12180,24320,6300,16800,34500,7500,29640,5400,23220,0,22483,18060,8320
699584,701004,The Forbidden Chakra,21,0.0544,36360,12180,24320,6300,16800,34500,7500,29640,5400,23220,0,22504,18060,8320
700490,701022,Auto,90,1.0,36450,12180,24320,6300,16800,34500,7500,29640,5400,23220,0,22504,18060,8320
700874,701494,Leaping Opo,460,1.0,36450,12180,24320,6300,16800,34960,7500,29640,5400,23220,0,22504,18060,8320
701524,702944,The Forbidden Chakra,80,0.2004,36450,12180,24320,6300,16800,34960,7500,29640,5400,23220,0,22584,18060,8320
702530,703062,Auto,90,1.0,36540,12180,24320,6300,16800,34960,7500,29640,5400,23220,0,22584,18060,8320
702814,703654,Twin Snakes,420,1.0,36540,12180,24320,6300,16800,34960,7500,29640,5400,23220,0,22584,18480,8320
703464,704884,The Forbidden Chakra,22,0.0573,36540,12180,24320,6300,16800,34960,7500,29640,5400,23220,0,22606,18480,8320
704570,705102,Auto,90,1.0,36630,12180,24320,6300,16800,34960,7500,29640,5400,23220,0,22606,18480,8320
704754,705774,Pouncing Coeurl,520,1.0,36630,12180,24320,6300,16800,34960,7500,30160,5400,23220,0,22606,18480,8320
705404,706824,The Forbidden Chakra,24,0.0614,36630,12180,24320,6300,16800,34960,7500,30160,5400,23220,0,22630,18480,8320
706610,707142,Auto,90,1.0,36720,12180,24320,6300,16800,34960,7500,30160,5400,23220,0,22630,18480,8320
706694,707984,Dragon Kick,320,1.0,36720,12180,24640,6300,16800,34960,7500,30160,5400,23220,0,22630,18480,8320
707344,708764,The Forbidden Chakra,20,0.0514,36720,12180,24640,6300,16800,34960,7500,30160,5400,23220,0,22650,18480,8320
708650,709182,Auto,90,1.0,36810,12180,24640,6300,16800,34960,7500,30160,5400,23220,0,22650,18480,8320
708634,709524,Rising Raptor,540,1.0,36810,12180,24640,6300,16800,34960,7500,30160,5400,23760,0,22650,18480,8320
709284,710704,The Forbidden Chakra,21,0.054,36810,12180,24640,6300,16800,34960,7500,30160,5400,23760,0,22671,18480,8320
710690,711222,Auto,90,1.0,36900,12180,24640,6300,16800,34960,7500,30160,5400,23760,0,22671,18480,8320
710574,712174,Demolish,420,1.0,36900,12600,24640,6300,16800,34960,7500,30160,5400,23760,0,22671,18480,8320
711224,712644,The Forbidden Chakra,21,0.0549,36900,12600,24640,6300,16800,34960,7500,30160,5400,23760,0,22692,18480,8320
712515,713135,Leaping Opo,460,1.0,36900,12600,24640,6300,16800,35420,7500,30160,5400,23760,0,22692,18480,8320
712730,713262,Auto,90,1.0,36990,12600,24640,6300,16800,35420,7500,30160,5400,23760,0,22692,18480,8320
713165,714585,The Forbidden Chakra,79,0.1997,36990,12600,24640,6300,16800,35420,7500,30160,5400,23760,0,22771,18480,8320
714455,715295,Twin Snakes,420,1.0,36990,12600,24640,6300,16800,35420,7500,30160,5400,23760,0,22771,18900,8320
714770,715302,Auto,90,1.0,37080,12600,24640,6300,16800,35420,7500,30160,5400,23760,0,22771,18900,8320
715075,716495,The Forbidden Chakra,23,0.0589,37080,12600,24640,6300,16800,35420,7500,30160,5400,23760,0,22794,18900,8320
716810,717342,Auto,90,1.0,37170,12600,24640,6300,16800,35420,7500,30160,5400,23760,0,22794,18900,8320
716395,717415,Pouncing Coeurl,520,1.0,37170,12600,24640,6300,16800,35420,7500,30680,5400,23760,0,22794,18900,8320
717045,718465,The Forbidden Chakra,22,0.0573,37170,12600,24640,6300,16800,35420,7500,30680,5400,23760,0,22816,18900,8320
718850,719382,Auto,90,1.0,37260,12600,24640,6300,16800,35420,7500,30680,5400,23760,0,22816,18900,8320
718335,719625,Dragon Kick,320,1.0,37260,12600,24960,6300,16800,35420,7500,30680,5400,23760,0,22816,18900,8320
719605,721025,The Forbidden Chakra,22,0.0568,37260,12600,24960,6300,16800,35420,7500,30680,5400,23760,0,22838,18900,8320
720275,721165,Rising Raptor,540,1.0,37260,12600,24960,6300,16800,35420,7500,30680,5400,24300,0,22838,18900,8320
720890,721422,Auto,90,1.0,37350,12600,24960,6300,16800,35420,7500,30680,5400,24300,0,22838,18900,8320
720925,722345,The Forbidden Chakra,21,0.0541,37350,12600,24960,6300,16800,35420,7500,30680,5400,24300,0,22859,18900,8320
722215,723235,Pouncing Coeurl,520,1.0,37350,12600,24960,6300,16800,35420,7500,31200,5400,24300,0,22859,18900,8320
722930,723462,Auto,90,1.0,37440,12600,24960,6300,16800,35420,7500,31200,5400,24300,0,22859,18900,8320
722865,724285,The Forbidden Chakra,24,0.0608,37440,12600,24960,6300,16800,35420,7500,31200,5400,24300,0,22883,18900,8320
724155,724775,Leaping Opo,460,1.0,37440,12600,24960,6300,16800,35880,7500,31200,5400,24300,0,22883,18900,8320
724970,725502,Auto,90,1.0,37530,12600,24960,6300,16800,35880,7500,31200,5400,24300,0,22883,18900,8320
725425,726845,The Forbidden Chakra,78,0.1962,37530,12600,24960,6300,16800,35880,7500,31200,5400,24300,0,22961,18900,8320
726095,727385,Dragon Kick,320,1.0,37530,12600,25280,6300,16800,35880,7500,31200,5400,24300,0,22961,18900,8320
727010,727542,Auto,90,1.0,37620,12600,25280,6300,16800,35880,7500,31200,5400,24300,0,22961,18900,8320
728035,728655,Leaping Opo,460,1.0,37620,12600,25280,6300,16800,36340,7500,31200,5400,24300,0,22961,18900,8320
729050,729582,Auto,90,1.0,37710,12600,25280,6300,16800,36340,7500,31200,5400,24300,0,22961,18900,8320
728655,730075,The Forbidden Chakra,209,0.5239,37710,12600,25280,6300,16800,36340,7500,31200,5400,24300,0,23170,18900,8320
729305,730725,The Forbidden Chakra,61,0.1536,37710,12600,25280,6300,16800,36340,7500,31200,5400,24300,0,23231,18900,8320
729975,731265,Dragon Kick,320,1.0,37710,12600,25600,6300,16800,36340,7500,31200,5400,24300,0,23231,18900,8320
731090,731622,Auto,90,1.0,37800,12600,25600,6300,16800,36340,7500,31200,5400,24300,0,23231,18900,8320
730625,732045,The Forbidden Chakra,81,0.2034,37800,12600,25600,6300,16800,36340,7500,31200,5400,24300,0,23312,18900,8320
731915,732315,Phantom Rush,1500,1.0,37800,12600,25600,6300,16800,36340,9000,31200,5400,24300,0,23312,18900,8320
731205,732625,The Forbidden Chakra,34,0.0858,37800,12600,25600,6300,16800,36340,9000,31200,5400,24300,0,23346,18900,8320
733130,733662,Auto,90,1.0,37890,12600,25600,6300,16800,36340,9000,31200,5400,24300,0,23346,18900,8320
732535,733955,The Forbidden Chakra,240,0.6015,37890,12600,25600,6300,16800,36340,9000,31200,5400,24300,0,23586,18900,8320
733185,734605,The Forbidden Chakra,0,0.0006,37890,12600,25600,6300,16800,36340,9000,31200,5400,24300,0,23586,18900,8320
733856,735276,Fire's Reply,1400,1.0,37890,12600,25600,6300,18200,36340,9000,31200,5400,24300,0,23586,18900,8320
735170,735702,Auto,90,1.0,37980,12600,25600,6300,18200,36340,9000,31200,5400,24300,0,23586,18900,8320
734506,735926,The Forbidden Chakra,108,0.2713,37980,12600,25600,6300,18200,36340,9000,31200,5400,24300,0,23694,18900,8320
735796,736416,Leaping Opo,460,1.0,37980,12600,25600,6300,18200,36800,9000,31200,5400,24300,0,23694,18900,8320
735086,736506,The Forbidden Chakra,16,0.0402,37980,12600,25600,6300,18200,36800,9000,31200,5400,24300,0,23710,18900,8320
737210,737742,Auto,90,1.0,38070,12600,25600,6300,18200,36800,9000,31200,5400,24300,0,23710,18900,8320
737066,738486,The Forbidden Chakra,314,0.7853,38070,12600,25600,6300,18200,36800,9000,31200,5400,24300,0,24024,18900,8320
738230,738762,Auto,90,1.0,38160,12600,25600,6300,18200,36800,9000,31200,5400,24300,0,24024,18900,8320
737736,738936,Wind's Reply,1040,1.0,38160,12600,25600,6300,18200,36800,9000,31200,5400,24300,0,24024,18900,9360
738356,739776,The Forbidden Chakra,70,0.1762,38160,12600,25600,6300,18200,36800,9000,31200,5400,24300,0,24094,18900,9360
739250,739782,Auto,90,1.0,38250,12600,25600,6300,18200,36800,9000,31200,5400,24300,0,24094,18900,9360
740270,740802,Auto,90,1.0,38340,12600,25600,6300,18200,36800,9000,31200,5400,24300,0,24094,18900,9360
739676,740966,Dragon Kick,320,1.0,38340,12600,25920,6300,18200,36800,9000,31200,5400,24300,0,24094,18900,9360
740326,741746,The Forbidden Chakra,177,0.4433,38340,12600,25920,6300,18200,36800,9000,31200,5400,24300,0,24271,18900,9360
741290,741822,Auto,90,1.0,38430,12600,25920,6300,18200,36800,9000,31200,5400,24300,0,24271,18900,9360
741616,742236,Leaping Opo,460,1.0,38430,12600,25920,6300,18200,37260,9000,31200,5400,24300,0,24271,18900,9360
740906,742326,The Forbidden Chakra,95,0.2377,38430,12600,25920,6300,18200,37260,9000,31200,5400,24300,0,24366,18900,9360
742310,742842,Auto,90,1.0,38520,12600,25920,6300,18200,37260,9000,31200,5400,24300,0,24366,18900,9360
742236,743656,The Forbidden Chakra,240,0.6001,38520,12600,25920,6300,18200,37260,9000,31200,5400,24300,0,24606,18900,9360
743330,743862,Auto,90,1.0,38610,12600,25920,6300,18200,37260,9000,31200,5400,24300,0,24606,18900,9360
742886,744306,The Forbidden Chakra,32,0.0821,38610,12600,25920,6300,18200,37260,9000,31200,5400,24300,0,24638,18900,9360
743556,744846,Dragon Kick,320,1.0,38610,12600,26240,6300,18200,37260,9000,31200,5400,24300,0,24638,18900,9360
744350,744882,Auto,90,1.0,38700,12600,26240,6300,18200,37260,9000,31200,5400,24300,0,24638,18900,9360
744176,745596,The Forbidden Chakra,96,0.2403,38700,12600,26240,6300,18200,37260,9000,31200,5400,24300,0,24734,18900,9360
745370,745902,Auto,90,1.0,38790,12600,26240,6300,18200,37260,9000,31200,5400,24300,0,24734,18900,9360
745496,746916,Elixir Burst,900,1.0,38790,12600,26240,7200,18200,37260,9000,31200,5400,24300,0,24734,18900,9360
746390,746922,Auto,90,1.0,38880,12600,26240,7200,18200,37260,9000,31200,5400,24300,0,24734,18900,9360
746146,747566,The Forbidden Chakra,236,0.5913,38880,12600,26240,7200,18200,37260,9000,31200,5400,24300,0,24970,18900,9360
747410,747942,Auto,90,1.0,38970,12600,26240,7200,18200,37260,9000,31200,5400,24300,0,24970,18900,9360
747436,748056,Leaping Opo,460,1.0,38970,12600,26240,7200,18200,37720,9000,31200,5400,24300,0,24970,18900,9360
746726,748146,The Forbidden Chakra,2,0.0057,38970,12600,26240,7200,18200,37720,9000,31200,5400,24300,0,24972,18900,9360
748430,748962,Auto,90,1.0,39060,12600,26240,7200,18200,37720,9000,31200,5400,24300,0,24972,18900,9360
748056,749476,The Forbidden Chakra,178,0.4453,39060,12600,26240,7200,18200,37720,9000,31200,5400,24300,0,25150,18900,9360
749450,749982,Auto,90,1.0,39150,12600,26240,7200,18200,37720,9000,31200,5400,24300,0,25150,18900,9360
749376,749996,Six-sided Star,159,0.1693,39150,12600,26240,7200,18200,37720,9000,31200,5400,24300,159,25150,18900,9360
749376,749996,Six-sided Star,347,0.4453,39150,12600,26240,7200,18200,37720,9000,31200,5400,24300,506,25150,18900,9360
749376,749996,Six-sided Star,210,0.1911,39150,12600,26240,7200,18200,37720,9000,31200,5400,24300,716,25150,18900,9360
749376,749996,Six-sided Star,198,0.1943,39150,12600,26240,7200,18200,37720,9000,31200,5400,24300,914,25150,18900,9360
